-9032
-9121
-9320
-9452
-9267
-8973
-9150
-8937
-9220
-9136
-8954
-9017
-9214
-9208
-8912
-9131
-9103
-9241
-9131
-9071
-9374
-9110
-9155
-9329
-9415
-9060
-9301
-9303
-9167
-8979
-9194
-9270
-9156
-9238
-9320
-9535
-9013
-9046
-9294
-9241
-9389
-9241
-9107
-9298
-9613
-9338
-9380
-9548
-9493
-9469
-9212
-9032
-8986
-9357
-9203
-9404
-9359
-9116
-9661
-9357
-9299
-8832
-9356
-9157
-9238
-9151
-8883
-9084
-9383
-9333
-9262
-9385
-9167
-9035
-9315
-9249
-9249
-8995
-9131
-9087
-9664
-9002
-9102
-9409
-9265
-9508
-9136
-9428
-9422
-9312
-9089
-9017
-8998
-9691
-9003
-9543
-9467
-9285
-9327
-9321
-9276
-9147
-8946
-9079
-8832
-9369
-9455
-9391
-9503
-9430
-9264
-9188
-9507
-9075
-8915
-9226
-9329
-9620
-9437
-9413
-9053
-9188
-9027
-9380
-9232
-9397
-9322
-9411
-9501
-9124
-8941
-9313
-9157
-9355
-9729
-9443
-9269
-9428
-9185
-9413
-9520
-9355
-9258
-9325
-9153
-9257
-9573
-9169
-9374
-9207
-9329
-9197
-8931
-9005
-9025
-9079
-9468
-9233
-9203
-9431
-9174
-9615
-9305
-9469
-8724
-9263
-9201
-9289
-9318
-9597
-9170
-9078
-9748
-9408
-9360
-9542
-9393
-9116
-8969
-9020
-9393
-9551
-9371
-9024
-9165
-9118
-9296
-9569
-9531
-9389
-8975
-9325
-9335
-9260
-9131
-9032
-9447
-9233
-9454
-9324
-9219
-9125
-8959
-9084
-9049
-9310
-8914
-9018
-9099
-9187
-9162
-9076
-9455
-8986
-8546
-9599
-9243
-9319
-9201
-9414
-8918
-9517
-9102
-9236
-9037
-8944
-9332
-9039
-9332
-9132
-9352
-9101
-8941
-9461
-9268
-9386
-9050
-9157
-9537
-9088
-9126
-8936
-9039
-9518
-9331
-9490
-9199
-9487
-8908
-9628
-9451
-9126
-9722
-8969
-9131
-8862
-9156
-9203
-9341
-9057
-9674
-9125
-9201
-8531
-9246
-9146
-9200
-9079
-9111
-8936
-9574
-9258
-9189
-9303
-9302
-9099
-9221
-9094
-8916
-8796
-9180
-9555
-9401
-9117
-9308
-9278
-9530
-9172
-9050
-9328
-9480
-9184
-8940
-9243
-9284
-8784
-9416
-9050
-9334
-9017
-8953
-9144
-9216
-9274
-8953
-8936
-9392
-9388
-9364
-9041
-9316
-9187
-9298
-9573
-9002
-9066
-9041
-9321
-9193
-9052
-9009
-9147
-9448
-9030
-9310
-9412
-9126
-9121
-8851
-8930
-9128
-9462
-9181
-9148
-9014
-8801
-9259
-9053
-9133
-9397
-9484
-9150
-9439
-9443
-9096
-9036
-8906
-9363
-9331
-9002
-9344
-9106
-9251
-9259
-9567
-9082
-9131
-8961
-9153
-9225
-8921
-9274
-9370
-9040
-9050
-9027
-9249
-9260
-9001
-9344
-9011
-9170
-8934
-9068
-9134
-8906
-9177
-9008
-8721
-9371
-8957
-9202
-9076
-9295
-9052
-9059
-9584
-9285
-9243
-9006
-9076
-9456
-9101
-8986
-9003
-9135
-9359
-8611
-9155
-9165
-9333
-9087
-9209
-9200
-9109
-9293
-9028
-8865
-9231
-9033
-9033
-8991
-9507
-9028
-8829
-9082
-9485
-9059
-9136
-9209
-9087
-9264
-9007
-9241
-9035
-9197
-9361
-8897
-9244
-9214
-9300
-9199
-9179
-9029
-9127
-9527
-8990
-8968
-9025
-8780
-9222
-9279
-9140
-9107
-9101
-9144
-9101
-9130
-9187
-9095
-9235
-8722
-9202
-8986
-9090
-8890
-8968
-9112
-9025
-9049
-9109
-9303
-9041
-9186
-9110
-8928
-8975
-9329
-9207
-9267
-9049
-8941
-9018
-9153
-9368
-9342
-9118
-9161
-9640
-9334
-9082
-9199
-9007
-8929
-8983
-8922
-8871
-9176
-8947
-9040
-9086
-9251
-9065
-9160
-8998
-9201
-9083
-9579
-8742
-9118
-9211
-9216
-9315
-9047
-9293
-9106
-9091
-8680
-9073
-9100
-9137
-8945
-9146
-9199
-8989
-8924
-9084
-9160
-9275
-8880
-8924
-8941
-8949
-9017
-9237
-9291
-9027
-9193
-9209
-9243
-9022
-9269
-8925
-9051
-8910
-8987
-8947
-9421
-8841
-9006
-9218
-8997
-8867
-9182
-9151
-9350
-9156
-8851
-9132
-8891
-9375
-9083
-9436
-9337
-8699
-9114
-9265
-8897
-8882
-9324
-9235
-8990
-9258
-8970
-9129
-8821
-9100
-9195
-9074
-9060
-9221
-9249
-8983
-9155
-9417
-9084
-8876
-8959
-8949
-9080
-8780
-9231
-9319
-9411
-9201
-9273
-9034
-8921
-9414
-8685
-8905
-9279
-9113
-8931
-8865
-9545
-9407
-9040
-9095
-9052
-8742
-9037
-9138
-9496
-9123
-9028
-9094
-9191
-9169
-9217
-9095
-8733
-9169
-9099
-8980
-9403
-8918
-8852
-9049
-8954
-9173
-8708
-9173
-9041
-9260
-9124
-9133
-9297
-8854
-9155
-8878
-8818
-8973
-9187
-9265
-9110
-9309
-9038
-8918
-9086
-9378
-9225
-8943
-9092
-9071
-8669
-9201
-8956
-9059
-8840
-9031
-9050
-9068
-9329
-8947
-9177
-8888
-9221
-9217
-9188
-9077
-9060
-8790
-9039
-9014
-8993
-8924
-8949
-9429
-8983
-9038
-9174
-9097
-9042
-9181
-9207
-9346
-8845
-9087
-8935
-8879
-9009
-9213
-9068
-9234
-9037
-8985
-8858
-9316
-8944
-8834
-8876
-9056
-8693
-9019
-9018
-9098
-8724
-9003
-8910
-9040
-9091
-9031
-9264
-9589
-9430
-8976
-8780
-9007
-8967
-8922
-9001
-9377
-8998
-8929
-8989
-8986
-8939
-8888
-9381
-8930
-8919
-9248
-8891
-8848
-9305
-8884
-9185
-9166
-9113
-9156
-9166
-9140
-9084
-9030
-9253
-8958
-9139
-9052
-9120
-8882
-8775
-9181
-9329
-8998
-9109
-8750
-9098
-8943
-9256
-9206
-8659
-9273
-8959
-8951
-8633
-9245
-8911
-9185
-9286
-8976
-8969
-8660
-8689
-9333
-9206
-8841
-9100
-9035
-9022
-8983
-9065
-8893
-8919
-8754
-8810
-9221
-9164
-9098
-8880
-9076
-8761
-9060
-8859
-9097
-9063
-8699
-9202
-8988
-9027
-9252
-9018
-8693
-8716
-8961
-8921
-8737
-9102
-9171
-9089
-8816
-8893
-8958
-9101
-9108
-8946
-8935
-9185
-8892
-9118
-9015
-9506
-9109
-9022
-9044
-9150
-9095
-8944
-8745
-8998
-9085
-9048
-8887
-8903
-9200
-8816
-9042
-8846
-9342
-9291
-9211
-9156
-9149
-9079
-8914
-9011
-9320
-9137
-8552
-9188
-9306
-8794
-8736
-8646
-9216
-9186
-9022
-8746
-9160
-8720
-8941
-9329
-8939
-9292
-8940
-8873
-8798
-9170
-8952
-9144
-9255
-9165
-8918
-8806
-9269
-9105
-8964
-9365
-9168
-9055
-9154
-9196
-8850
-9112
-8747
-8956
-8980
-9122
-9203
-8883
-9356
-9204
-9170
-9185
-9007
-9188
-9018
-9382
-8922
-8954
-9275
-9028
-8855
-9327
-8996
-9138
-9159
-8874
-9275
-9035
-8908
-8707
-9140
-9069
-9104
-8648
-9058
-8700
-8953
-8780
-9030
-9186
-9311
-9090
-9112
-9098
-8820
-8980
-9219
-8800
-9387
-8822
-8947
-9033
-8851
-8919
-9192
-8767
-9130
-9042
-8957
-8912
-9316
-9142
-9012
-8913
-9055
-8841
-9016
-9285
-9260
-9196
-9409
-9276
-9382
-9124
-9192
-8858
-8824
-8945
-9181
-9031
-9397
-9025
-8789
-9099
-8925
-9433
-8948
-9016
-9233
-9084
-8953
-9103
-8857
-8660
-8787
-9006
-8971
-8925
-8868
-9087
-8719
-8713
-8991
-8783
-8817
-9051
-8698
-9176
-8978
-9024
-8791
-8840
-8660
-8926
-8924
-8932
-9199
-9146
-9097
-8882
-8550
-9311
-9365
-8976
-9238
-9391
-9162
-9137
-8930
-8929
-8850
-9061
-8907
-8898
-9211
-8953
-9124
-8854
-9287
-9067
-8777
-8958
-8815
-9007
-9097
-9255
-8917
-9226
-9078
-9076
-8696
-8909
-9073
-8901
-8860
-8753
-8988
-9025
-8928
-8850
-8920
-9035
-9118
-9081
-9205
-8703
-8696
-8872
-9130
-9065
-9167
-8974
-9030
-9007
-9227
-8991
-8733
-8937
-8968
-8970
-9220
-9017
-8939
-9001
-9144
-8947
-9191
-9112
-9159
-9279
-9256
-9130
-9171
-9059
-8667
-9071
-9190
-8846
-8945
-9117
-9141
-8982
-9007
-9007
-8837
-8910
-9117
-8935
-9478
-8773
-8943
-9015
-9008
-8780
-8990
-8970
-8873
-8948
-9001
-8809
-8797
-8967
-8909
-8853
-8984
-8928
-8980
-8777
-9320
-8871
-8969
-8925
-9238
-9067
-8873
-9050
-9026
-8961
-9274
-8958
-8907
-8986
-9274
-9075
-9093
-8964
-8702
-9434
-8935
-8824
-9289
-9012
-9041
-8903
-9256
-9273
-8900
-9107
-8855
-9245
-9383
-8878
-9162
-9348
-9070
-8908
-8829
-8878
-9265
-8944
-9211
-8785
-9254
-9195
-9006
-8955
-8832
-9421
-9016
-9190
-8935
-8820
-8903
-8911
-9157
-8900
-8966
-8973
-9183
-8936
-9020
-8878
-9265
-8749
-8902
-8851
-9044
-9042
-9218
-8943
-9074
-8818
-8738
-9186
-8947
-8895
-9165
-8955
-8866
-8974
-9299
-9304
-9133
-8889
-8938
-8997
-9151
-8911
-9171
-9128
-9034
-8865
-9021
-8819
-9012
-9442
-9005
-8919
-8642
-9016
-8918
-9354
-9201
-9126
-8728
-9176
-8734
-9030
-8955
-8996
-9056
-8813
-8903
-9164
-9210
-9191
-9036
-8624
-8750
-8905
-9112
-9305
-8884
-8971
-8855
-8974
-9455
-9062
-9069
-8980
-8939
-8914
-9219
-8817
-8954
-9097
-8969
-9104
-9115
-8713
-8824
-8728
-8922
-8738
-8852
-8990
-8810
-8975
-9023
-9227
-8685
-9200
-8864
-8655
-9044
-9215
-9199
-9115
-8839
-9076
-8651
-9143
-8980
-9220
-9073
-8896
-9127
-8943
-9085
-9102
-9012
-9013
-9481
-8888
-9190
-9065
-8941
-9207
-9137
-9079
-9034
-9223
-8716
-8878
-8835
-9028
-9010
-8860
-9007
-9146
-9353
-9295
-9146
-9184
-9088
-8978
-9203
-8689
-8613
-8927
-9043
-9053
-8786
-9113
-8998
-8881
-8941
-8985
-9163
-9036
-9306
-9040
-9079
-9235
-8880
-9034
-8954
-8724
-8903
-9142
-9111
-8820
-8876
-8853
-8938
-8611
-9140
-8847
-9440
-9112
-8677
-8666
-8968
-9043
-9061
-8999
-8919
-9290
-8955
-8708
-8959
-9178
-8908
-8998
-8994
-8986
-8724
-8947
-9180
-8842
-9273
-8943
-8881
-8764
-9291
-9027
-8934
-8728
-8962
-8596
-9022
-9028
-8867
-8958
-9306
-9427
-9237
-9161
-9178
-8647
-8949
-8962
-8956
-8774
-8871
-9148
-8956
-9208
-9103
-9266
-8815
-8943
-9134
-9260
-8965
-9053
-9083
-8839
-9461
-8754
-8825
-8978
-9160
-9091
-8773
-9349
-9237
-9460
-8842
-9092
-8929
-8959
-8680
-8866
-8566
-9094
-8902
-8917
-8884
-8864
-8953
-8945
-8821
-9030
-9131
-8762
-9153
-9008
-8929
-9322
-8927
-8843
-8925
-9027
-9183
-8896
-8949
-9185
-8803
-8650
-8999
-9191
-8990
-8898
-8867
-9009
-8949
-8938
-9203
-9120
-8728
-8720
-9139
-8681
-9116
-9200
-8916
-8679
-9026
-8948
-8589
-9216
-9169
-9363
-8639
-9225
-9084
-8868
-8845
-8766
-8908
-9036
-9145
-9003
-8567
-8812
-8938
-9239
-9181
-9241
-8997
-8899
-8974
-8905
-9103
-9006
-9071
-9250
-9037
-8675
-8895
-8848
-8789
-9035
-8857
-9112
-8890
-9264
-9075
-9111
-9207
-8982
-8853
-9034
-8813
-9028
-9157
-8920
-9093
-8772
-9081
-9188
-9157
-8941
-9071
-9061
-8629
-8830
-9153
-8846
-8918
-8883
-9134
-8716
-8840
-8850
-9004
-9047
-8678
-9162
-9261
-8870
-9349
-9137
-8790
-9019
-8761
-9026
-8904
-8966
-8882
-9077
-9230
-9035
-9114
-9222
-9023
-8958
-8623
-9154
-8664
-8861
-8769
-8738
-9242
-8926
-8875
-8856
-9071
-8813
-9001
-8767
-9108
-9036
-8877
-8998
-8977
-8821
-8800
-9040
-8920
-9032
-8845
-8890
-8833
-8878
-9012
-9206
-8704
-8897
-9084
-8662
-9247
-9030
-9226
-8987
-8856
-8642
-8781
-8867
-9302
-9256
-8736
-8800
-8972
-8884
-9150
-9294
-8910
-8790
-8892
-8903
-9124
-8769
-9045
-9077
-8886
-8998
-9027
-8962
-8912
-9126
-8938
-8903
-8763
-9159
-8992
-8818
-9042
-8841
-8942
-8829
-8992
-8754
-9057
-8915
-9328
-9147
-8749
-9189
-8844
-8631
-8888
-8929
-8948
-9138
-8872
-8786
-9024
-8867
-8949
-8936
-9085
-8783
-9185
-8658
-8653
-8785
-9272
-8985
-9036
-8529
-9102
-8772
-9064
-9059
-8977
-8739
-8965
-8848
-9082
-8981
-8768
-9039
-9289
-8938
-8910
-9407
-9125
-8739
-8918
-8723
-9265
-8753
-9096
-8841
-9130
-8775
-8723
-9173
-9126
-8768
-8911
-8958
-9062
-9155
-9112
-9011
-8832
-8659
-8634
-8506
-9095
-8696
-8817
-9338
-9110
-8708
-9116
-8766
-9062
-8836
-8971
-8968
-9055
-8991
-8730
-9157
-9165
-9264
-8798
-9191
-8891
-9169
-9238
-8790
-9090
-8948
-8632
-9067
-9136
-8908
-9116
-8986
-8952
-9107
-9215
-9104
-8927
-8808
-8869
-8818
-9294
-8821
-8917
-8921
-9345
-8372
-9322
-8692
-9007
-8916
-9065
-9102
-8653
-8909
-9268
-8908
-9260
-8848
-8796
-8721
-9026
-8976
-8952
-8949
-9116
-8587
-8520
-9075
-8979
-9042
-8885
-8701
-9084
-9288
-9105
-8773
-9218
-8988
-8856
-8705
-9077
-8646
-9015
-9070
-8915
-8782
-8994
-8878
-8915
-8813
-8531
-8983
-8923
-9041
-8696
-8848
-8614
-8900
-8782
-8693
-8834
-9118
-8894
-9134
-8960
-8734
-9392
-8904
-8865
-9218
-8748
-8966
-8773
-8836
-8763
-8629
-8937
-9254
-9015
-8937
-8835
-8993
-8783
-8813
-8976
-8958
-9026
-8838
-8910
-8994
-9498
-8940
-9130
-9073
-8994
-9049
-8974
-8943
-8857
-9047
-8888
-9176
-8846
-8650
-8739
-8709
-8838
-8816
-8784
-8606
-9233
-9087
-8767
-8854
-9131
-8676
-8761
-8912
-9090
-8853
-8808
-8965
-8717
-9156
-8819
-9165
-8758
-9283
-8945
-9071
-8919
-9136
-8906
-8823
-9119
-9314
-9237
-8981
-8736
-9299
-9074
-8603
-8985
-9101
-9103
-8764
-9026
-8920
-9106
-8973
-9016
-9114
-8977
-9197
-9048
-8840
-9193
-8873
-8681
-8841
-8742
-9192
-8650
-9023
-8775
-8721
-9207
-9048
-9067
-9225
-8884
-8763
-8791
-9227
-8713
-8692
-9011
-9235
-9064
-9071
-8986
-8853
-8996
-9154
-8978
-8738
-8870
-8678
-8865
-9184
-9402
-8928
-8855
-8662
-9010
-8904
-8649
-9023
-8947
-9169
-9035
-9187
-9125
-9068
-8795
-9042
-9215
-8791
-8857
-8984
-8952
-8796
-8883
-8749
-9071
-8888
-9001
-9065
-9103
-8645
-9247
-8946
-9271
-8546
-8827
-9032
-8892
-9154
-8851
-9050
-9101
-8700
-8904
-9078
-8689
-8810
-8827
-8752
-9215
-8995
-9072
-8819
-9258
-9119
-8921
-9104
-8738
-8973
-9052
-8899
-9192
-9007
-8865
-8970
-8958
-8906
-8640
-9044
-8541
-8790
-8863
-8838
-8935
-8850
-8962
-8658
-8871
-8612
-8955
-9395
-9076
-8954
-8704
-9142
-9047
-9227
-9393
-8718
-8774
-9000
-8905
-9099
-9055
-9148
-8900
-8952
-9068
-8906
-8935
-9421
-8832
-9184
-8641
-8807
-8842
-8928
-8831
-8830
-8687
-9141
-8823
-8833
-8776
-8929
-8973
-8581
-9041
-8997
-9054
-9155
-8793
-8738
-9027
-8554
-9174
-9188
-8738
-8998
-9227
-8955
-9058
-8928
-8818
-8847
-9317
-9110
-8924
-8885
-8845
-9066
-8888
-8831
-8884
-9149
-9351
-9082
-8909
-8588
-8902
-9065
-9139
-8982
-8795
-8906
-8995
-9093
-8849
-8780
-9036
-8911
-8925
-9192
-8769
-9177
-8958
-8982
-8802
-8828
-9168
-8985
-9219
-8942
-8733
-9031
-8809
-9161
-8917
-8766
-8794
-8829
-8832
-8805
-8977
-8955
-8811
-8949
-9174
-9109
-9144
-9102
-8830
-9151
-9140
-8943
-8733
-9007
-8952
-8725
-8785
-8977
-8947
-8713
-8571
-8857
-8828
-8878
-8986
-8820
-8671
-8807
-8765
-8478
-8773
-8713
-9029
-8824
-8696
-8930
-9206
-8887
-9010
-8983
-8753
-8689
-9199
-9267
-8815
-8825
-8928
-8801
-8881
-9088
-9100
-9014
-9275
-8646
-8995
-8950
-9157
-9214
-9027
-8302
-8822
-8874
-8875
-9036
-8830
-8838
-8648
-9005
-8734
-9184
-8779
-8822
-9098
-9094
-9123
-9042
-9015
-8793
-9023
-8651
-8691
-9156
-8931
-8799
-9056
-8890
-8658
-8949
-9031
-9110
-8941
-8959
-8952
-8806
-8986
-8631
-9016
-8830
-9122
-9024
-8952
-8951
-9060
-8662
-8764
-8721
-9097
-8724
-8818
-8543
-8951
-8752
-8950
-8583
-8589
-9038
-8766
-8812
-8670
-8910
-8982
-9156
-8884
-8757
-9167
-8937
-8356
-9160
-8827
-8839
-9091
-8830
-9062
-8888
-8695
-8913
-9073
-9194
-9090
-8756
-8700
-9197
-8666
-8638
-9079
-8958
-8801
-9209
-9291
-8722
-8982
-9215
-8970
-8863
-8822
-8808
-9256
-8841
-8977
-9100
-9203
-9078
-9113
-8991
-8823
-8567
-9003
-8702
-8886
-8985
-8977
-8940
-8851
-8869
-9006
-9008
-9114
-9072
-9097
-9068
-9189
-8994
-8981
-8510
-8578
-8757
-8859
-9049
-8821
-8745
-8821
-9102
-9114
-8843
-8855
-8988
-9067
-8875
-9026
-8475
-8686
-9093
-8850
-8816
-8889
-9182
-8869
-9023
-9145
-8786
-9031
-9139
-9136
-8949
-8888
-9091
-9044
-8981
-9066
-8976
-8507
-9157
-9002
-8960
-8957
-8816
-8870
-8780
-8934
-8865
-8937
-8748
-9299
-8852
-8730
-9019
-9137
-8703
-9209
-8951
-9191
-8735
-8868
-8975
-8839
-8795
-8646
-8775
-8663
-8716
-8652
-9016
-8955
-8655
-8918
-8964
-8860
-8829
-9067
-9165
-8912
-8941
-8862
-9202
-9019
-8902
-9237
-8736
-9209
-8740
-8946
-9131
-8901
-8530
-9075
-8853
-9224
-8747
-9208
-9083
-8942
-8834
-8942
-8749
-8773
-9047
-8964
-8644
-8946
-9014
-8963
-8916
-9037
-9385
-8944
-9263
-9184
-8966
-9114
-8921
-9037
-9027
-8825
-9037
-9006
-8642
-9108
-8775
-9202
-8843
-8963
-8930
-8994
-8931
-8954
-8888
-8831
-8921
-8585
-9061
-9073
-8923
-8916
-9201
-8956
-9082
-9101
-8762
-8813
-8877
-8946
-9126
-8958
-8872
-9330
-8975
-9053
-8740
-8999
-8916
-8907
-8970
-8888
-8825
-9014
-9361
-8783
-8512
-9039
-9058
-8892
-8857
-9029
-9219
-8634
-9077
-9066
-9038
-8855
-8887
-8738
-8692
-9341
-8608
-8956
-8864
-8783
-8940
-8762
-8989
-8649
-9136
-8242
-8622
-8780
-9167
-8861
-8955
-9149
-8992
-9052
-9000
-8945
-8865
-8700
-8913
-9085
-9219
-8768
-9020
-9067
-9069
-9025
-8903
-8606
-9286
-8936
-9108
-8909
-9007
-8637
-8880
-8704
-8975
-9103
-8644
-8887
-9003
-8948
-8630
-9033
-8920
-8625
-9169
-9074
-8794
-8768
-9069
-8986
-8837
-8843
-8996
-8968
-9399
-8689
-9192
-8851
-9029
-8812
-8874
-8989
-8667
-8797
-9203
-8847
-8577
-8727
-8767
-8824
-9113
-9038
-8836
-9064
-8954
-8641
-8946
-8831
-8731
-8942
-9000
-8849
-8838
-8817
-9230
-8739
-9107
-9078
-9090
-8896
-9073
-9013
-8799
-8885
-8853
-8923
-9082
-9086
-8895
-8901
-8810
-9023
-8907
-8725
-9195
-8567
-9223
-9102
-8702
-8800
-9003
-8989
-8489
-8848
-8869
-9001
-8711
-8821
-8861
-8743
-8614
-9126
-8862
-9012
-9015
-8908
-8995
-8788
-8858
-8767
-8973
-8877
-8880
-9242
-8839
-9143
-9256
-8841
-8977
-9134
-8892
-8934
-8880
-8857
-9071
-9105
-8860
-8999
-8856
-8981
-8972
-8805
-9049
-8806
-9028
-9022
-9170
-8832
-8837
-8835
-8676
-9153
-8723
-8805
-8600
-9092
-8967
-8887
-9034
-8916
-9009
-8917
-8834
-8862
-8952
-8901
-8985
-9137
-8868
-9002
-8761
-8818
-8872
-8945
-9197
-8857
-8810
-8697
-8798
-9059
-8921
-8973
-8820
-8858
-8704
-8874
-8646
-8833
-9263
-9012
-8608
-9122
-8876
-8905
-8876
-9041
-8756
-9113
-8863
-9071
-8785
-8704
-8625
-9032
-8828
-9017
-8558
-8787
-8867
-9258
-8892
-9221
-9011
-8644
-8703
-8882
-8887
-8700
-9178
-8787
-8803
-8717
-8807
-8691
-8760
-8607
-9263
-8986
-8769
-8935
-8922
-8850
-9007
-8556
-9087
-8764
-8581
-8942
-8945
-8874
-8792
-9103
-8854
-8895
-9047
-8782
-9028
-8933
-8750
-8891
-8545
-9073
-9012
-8997
-8896
-8827
-8969
-9041
-9052
-9162
-8916
-9070
-9085
-9095
-8853
-8668
-9078
-9143
-8817
-8833
-9248
-8844
-8985
-8816
-8751
-8869
-8860
-9121
-8798
-8869
-9227
-9118
-8759
-8835
-8907
-8680
-8714
-8741
-8988
-8910
-8982
-8894
-8954
-8689
-9250
-8990
-8820
-9073
-8746
-8806
-9261
-8670
-8698
-9218
-8960
-8910
-8965
-9002
-8722
-8679
-9027
-8752
-9243
-8839
-8938
-9065
-8699
-8799
-8984
-8807
-8945
-9083
-8985
-8761
-8944
-8652
-8968
-8826
-8708
-8754
-8714
-9094
-9026
-9062
-9226
-8842
-9171
-8868
-8963
-8642
-9116
-9110
-8997
-9246
-8804
-8894
-9025
-8588
-8934
-8986
-8927
-9132
-9083
-9108
-8931
-9202
-9077
-8879
-8589
-9175
-8883
-8992
-8973
-9056
-8823
-8886
-8855
-8967
-8849
-9091
-8967
-9058
-9046
-8718
-8676
-9048
-8715
-8684
-9048
-8938
-9015
-8941
-9027
-9404
-9059
-8527
-8675
-8801
-8774
-8865
-9039
-9064
-8946
-8529
-8978
-8958
-8662
-8999
-8932
-8827
-8854
-9122
-9032
-8791
-9026
-8815
-8789
-9259
-8791
-8856
-9035
-9277
-8807
-8959
-9020
-9041
-8897
-9163
-8816
-8966
-8799
-8844
-8547
-8957
-9125
-9103
-8863
-8673
-8700
-9059
-8927
-8626
-8939
-8510
-8970
-8695
-8843
-9020
-8806
-9185
-9057
-8786
-8937
-8966
-9027
-9192
-8754
-9032
-9050
-8752
-8778
-8730
-9057
-9005
-8748
-8861
-9133
-8724
-8915
-8732
-9292
-8947
-8568
-8989
-8749
-8606
-8901
-8858
-8689
-8909
-8859
-8755
-8909
-8659
-8572
-9061
-8764
-8682
-8960
-9170
-8858
-8877
-8905
-9093
-9114
-8725
-8706
-9146
-8849
-9295
-9336
-9134
-8995
-9051
-9018
-9062
-8954
-9036
-8868
-8681
-8705
-8734
-9133
-9018
-8737
-8598
-9020
-9049
-9081
-8970
-8575
-8928
-8951
-9034
-8717
-8921
-8749
-9010
-9223
-8780
-9433
-9012
-8895
-8907
-9285
-8961
-8752
-9306
-8992
-9112
-9141
-8831
-8775
-8718
-8929
-8783
-8696
-9032
-9052
-9009
-8813
-8887
-9031
-8952
-9035
-9236
-8798
-8625
-8923
-9206
-9170
-8753
-9195
-9187
-9178
-9319
-8892
-8753
-8844
-8947
-8738
-8914
-8671
-9325
-8959
-8727
-8883
-8677
-8909
-8881
-8660
-9143
-8852
-8814
-8957
-9171
-8583
-8988
-8686
-8810
-8961
-8746
-9058
-8536
-8769
-8795
-8671
-8764
-8966
-8880
-8639
-9214
-8570
-8691
-9017
-8964
-8990
-8814
-8630
-9277
-8879
-9054
-8915
-8837
-8820
-8489
-8894
-8887
-8840
-8585
-8839
-8880
-9130
-8625
-8711
-8852
-8801
-8852
-8835
-8941
-8915
-8773
-9192
-8907
-9029
-8798
-8949
-8627
-9013
-9440
-8943
-9084
-8949
-8854
-8932
-8845
-8882
-8961
-8778
-8529
-8778
-9046
-8839
-8932
-8897
-9136
-8844
-8925
-8900
-9152
-9151
-8905
-9118
-9012
-8977
-8912
-8938
-8859
-9197
-8656
-9277
-9093
-9065
-9468
-8609
-8863
-8573
-9199
-8738
-9013
-8955
-8947
-9037
-8888
-8543
-9270
-8750
-8948
-8914
-9099
-8894
-9178
-8844
-8673
-8894
-9100
-8680
-8989
-8870
-9099
-8603
-9176
-8907
-8931
-8783
-8760
-8535
-8881
-8552
-9235
-8902
-9104
-8722
-8762
-8922
-9106
-8977
-8916
-8803
-8879
-8812
-9005
-9052
-8948
-8769
-8734
-9049
-8994
-8700
-8774
-8718
-8702
-8914
-9220
-8726
-8860
-8916
-9096
-8619
-8912
-8989
-8602
-8780
-8501
-8856
-8985
-8976
-8933
-8639
-9420
-9108
-8958
-9048
-8585
-8749
-8884
-9040
-9177
-8787
-9201
-8722
-8672
-9007
-9116
-9157
-8965
-8909
-8734
-8725
-9231
-8634
-9330
-8886
-9124
-9060
-9191
-8757
-8939
-9080
-8784
-8691
-8796
-8825
-8788
-9020
-9047
-9388
-8606
-9103
-9077
-8998
-8581
-9029
-8936
-8613
-9250
-9109
-8837
-8602
-9045
-9111
-8736
-8698
-8984
-8862
-8971
-8964
-8844
-8961
-8981
-9130
-9040
-8549
-8622
-9095
-8989
-8933
-8644
-8622
-9049
-8743
-8917
-9072
-9082
-8897
-8769
-9032
-8887
-8848
-8883
-8898
-8894
-8852
-9165
-8860
-9096
-9032
-8960
-9058
-8726
-9039
-8926
-8690
-8903
-9093
-9160
-9133
-8598
-8716
-8994
-8705
-8900
-8882
-8971
-8887
-8877
-8834
-8834
-8955
-8899
-8948
-9106
-9134
-8996
-8568
-8846
-8762
-8997
-9225
-8649
-8829
-8603
-9152
-8912
-8560
-8923
-8794
-8800
-8838
-8740
-9049
-8807
-8569
-9095
-8746
-8766
-8915
-8911
-8631
-8703
-9177
-9200
-9025
-9189
-9002
-8736
-8689
-8902
-8833
-9086
-9082
-8867
-8790
-8978
-8840
-9038
-9024
-8756
-8784
-9086
-8821
-9206
-8902
-8836
-9159
-8894
-8757
-8715
-8784
-8859
-9035
-9036
-8951
-8770
-8944
-9220
-8590
-8776
-9051
-9036
-8989
-8548
-8853
-9097
-8896
-8718
-9013
-9015
-8960
-8985
-8745
-8700
-9113
-8996
-8993
-8725
-8900
-8836
-8771
-9093
-8812
-9119
-8954
-9151
-8942
-8780
-8902
-8879
-9091
-8674
-8739
-8785
-9201
-8792
-9223
-8795
-8934
-8824
-8866
-8705
-8919
-9336
-8785
-9106
-8738
-8895
-8823
-8979
-8847
-8758
-8766
-9081
-8993
-8904
-8881
-8929
-8784
-9238
-9145
-8645
-8933
-9123
-8838
-8526
-8919
-9092
-8742
-8714
-9294
-8940
-8932
-9020
-8727
-8955
-9317
-8908
-8891
-9046
-8741
-8930
-8855
-9039
-8986
-9198
-8802
-8758
-8596
-8858
-8948
-9044
-9110
-8714
-9103
-8805
-8840
-8903
-8782
-8778
-9163
-8784
-8898
-9073
-8836
-8935
-8917
-9113
-8936
-8844
-8757
-8677
-8964
-8673
-9041
-9068
-9179
-8969
-9037
-8760
-8801
-9006
-8879
-8520
-8993
-9249
-9218
-8472
-8354
-8847
-8716
-9095
-8955
-8659
-8679
-9034
-9077
-8791
-9045
-9125
-9039
-9190
-8854
-8744
-9153
-8615
-8988
-9124
-8927
-8814
-8786
-8880
-8528
-8870
-8966
-8919
-8763
-8818
-8911
-8835
-9281
-8726
-8476
-8725
-9007
-8853
-8808
-8937
-8801
-9021
-8768
-9304
-8858
-8931
-9261
-8775
-8451
-9110
-8674
-8552
-8783
-8591
-8959
-9037
-8739
-8844
-9173
-9120
-9246
-8672
-8889
-9042
-9281
-8850
-8741
-8818
-8720
-8837
-8900
-8899
-8797
-9050
-9036
-8887
-8588
-8736
-8858
-9033
-8687
-8772
-8788
-8873
-9158
-9145
-8999
-8593
-8588
-8926
-9064
-8743
-8833
-8997
-9113
-8866
-8570
-8417
-8758
-8768
-8825
-8707
-8839
-8935
-8751
-8875
-8960
-8834
-8862
-8796
-9158
-9272
-8925
-8922
-9039
-8910
-8970
-9041
-8587
-8784
-8743
-8723
-8427
-9011
-8599
-8979
-8783
-8769
-8970
-8828
-8902
-8923
-8935
-8590
-8778
-8875
-8637
-9035
-8886
-8726
-8915
-9136
-8906
-9046
-9298
-9206
-8587
-8889
-9076
-8740
-8767
-9032
-9070
-8500
-8944
-8759
-8623
-8844
-9246
-8676
-9172
-8821
-8789
-8742
-9080
-8719
-8856
-8684
-8889
-9008
-9003
-9240
-9357
-8769
-9028
-8666
-8612
-8837
-8905
-9009
-8901
-9083
-8979
-8689
-8951
-8840
-8651
-8482
-8942
-8812
-8872
-9103
-8885
-8800
-8988
-8677
-8835
-8942
-8718
-8842
-8752
-8644
-9103
-8765
-8580
-8876
-8790
-8943
-9049
-8907
-8642
-8739
-8946
-9131
-8818
-8736
-9079
-9251
-8750
-8908
-8989
-8899
-8853
-9150
-8873
-9003
-8974
-8662
-9004
-8769
-8753
-8844
-9035
-8707
-8819
-8762
-8918
-8690
-8980
-8526
-8726
-9098
-8893
-8513
-8819
-9046
-9062
-8887
-8576
-8898
-9183
-8810
-8665
-8988
-8822
-9049
-8759
-8776
-8883
-8832
-8747
-8992
-8722
-9082
-9000
-8985
-9008
-8695
-9269
-8737
-9106
-8536
-8964
-9152
-8812
-8508
-9059
-8734
-8499
-9099
-8896
-8653
-8632
-8773
-9249
-9112
-8864
-8917
-9074
-8944
-9054
-8937
-9108
-8932
-9138
-8752
-9131
-8875
-8769
-9192
-8753
-8690
-8607
-8687
-8955
-9101
-8908
-9110
-8979
-8989
-8791
-8756
-8669
-8905
-9153
-8924
-8976
-8606
-8873
-8884
-8980
-8724
-8973
-8986
-9064
-8931
-8627
-9056
-8792
-8643
-8884
-8815
-8876
-8909
-8991
-8769
-8871
-8866
-8877
-9152
-8880
-8669
-8907
-8930
-8860
-9219
-9087
-8849
-9086
-9040
-8569
-8775
-9017
-8700
-8848
-8925
-8657
-9042
-8788
-8583
-8568
-8655
-9079
-8969
-8826
-8986
-8996
-8736
-8974
-8760
-8591
-9070
-9216
-8646
-8976
-9052
-9080
-9137
-8985
-9169
-8691
-9035
-8918
-9008
-8645
-9242
-8903
-8571
-8913
-8590
-8937
-8819
-8524
-8974
-9041
-8930
-8821
-9166
-9057
-9099
-8819
-8965
-8943
-8975
-8740
-8915
-8756
-8710
-9015
-8865
-9278
-9003
-9259
-8660
-8843
-8994
-8795
-9121
-8887
-8932
-8940
-8720
-9038
-8662
-8770
-8854
-8722
-8786
-9142
-8856
-8551
-8947
-9082
-8909
-8891
-9023
-8761
-8836
-8968
-9119
-8677
-8998
-8830
-8994
-8898
-8593
-9011
-8975
-9277
-8547
-8709
-8624
-9183
-8921
-9000
-8949
-9076
-8730
-8757
-9208
-9334
-8809
-9036
-8679
-9045
-8967
-8704
-8711
-8942
-8635
-9004
-8726
-9058
-9142
-8836
-8470
-9062
-8932
-8829
-8696
-9144
-9043
-9073
-9015
-8963
-8900
-8680
-8606
-8803
-9022
-8812
-8498
-8857
-9061
-8754
-8959
-9270
-8963
-9168
-8927
-8773
-9061
-9004
-8872
-8971
-8931
-8831
-9079
-8973
-9362
-9110
-9122
-9170
-8731
-8900
-8902
-9043
-8894
-8969
-8741
-9210
-9025
-8516
-8728
-8752
-8756
-9162
-8596
-9057
-8866
-9095
-8878
-8801
-8617
-9180
-8628
-8869
-9039
-8791
-9093
-8882
-8718
-8863
-8835
-9126
-8651
-8986
-9158
-8959
-8774
-8855
-8936
-8647
-9063
-8984
-8539
-8725
-8801
-8898
-8871
-8543
-8995
-8726
-9010
-8819
-9144
-9306
-8880
-9010
-8783
-8956
-8749
-8978
-9181
-8877
-8905
-8903
-9090
-8906
-8604
-8885
-9032
-8753
-8987
-8470
-9067
-8641
-8782
-8790
-8898
-8548
-9092
-9011
-8638
-8808
-9151
-9096
-8863
-9097
-8937
-8873
-8854
-9300
-8594
-8684
-8448
-8852
-8845
-8825
-8809
-8883
-8722
-8616
-8973
-9080
-8741
-8728
-8754
-8989
-8988
-8913
-9232
-8966
-8906
-8836
-9157
-9215
-8652
-8846
-8513
-8740
-8945
-8677
-8935
-8683
-9039
-8707
-9025
-8944
-9034
-8966
-9004
-8943
-9101
-9404
-8947
-8735
-8989
-8972
-8877
-8892
-8961
-8804
-8865
-8998
-8911
-8955
-8606
-8880
-9130
-9081
-8642
-8955
-9060
-9123
-8574
-8757
-9013
-8789
-8959
-8958
-9322
-8768
-9121
-8524
-8820
-9043
-8968
-9119
-8708
-8704
-8940
-8596
-8794
-8841
-8868
-8890
-8823
-8941
-8556
-8711
-9035
-8857
-8996
-9290
-8876
-9015
-9103
-8824
-8895
-8740
-8646
-9211
-8815
-8849
-8901
-9091
-9017
-8810
-8829
-9047
-8717
-8802
-9139
-8859
-9061
-9098
-8789
-9232
-9068
-9053
-8735
-8478
-8800
-9172
-8881
-8772
-8729
-8588
-9323
-9041
-8760
-9092
-8766
-8692
-8990
-8901
-8772
-8827
-8845
-9101
-8882
-8592
-8920
-9180
-8830
