-9590
-8843
-8739
-8645
-8884
-8522
-8658
-8126
-8615
-8390
-8283
-8208
-8271
-7855
-7961
-7915
-8112
-7750
-7755
-7705
-7934
-7989
-7585
-7428
-7496
-7693
-7434
-7796
-7915
-7506
-6853
-7546
-7617
-7382
-7542
-7508
-7640
-6932
-7601
-7569
-7348
-6369
-7838
-6925
-6183
-6642
-5301
-7007
-6815
-6797
-7743
-5528
-7141
-7409
-6462
-6139
-4257
-7362
-7237
-5798
-4869
-5560
-4854
-3499
-5407
-4241
-5829
-4371
-3565
-4186
-5118
-5262
-4327
-3818
-4841
-4270
-4223
-2859
-4118
-2062
-3891
-2797
-3640
-2444
-3432
-2646
-2889
-958
-2950
-2423
-3517
-97
-3185
-2515
-2642
-1816
-3334
-3387
-3065
-551
-689
-3567
-2364
-403
-475
246
-1191
-911
-1620
-679
-1154
-1541
-350
-2321
-365
-1726
-750
-111
-1335
-984
-715
332
-1665
-1068
-1277
-554
-1800
-987
-1536
337
-1809
-1613
-703
-942
423
-247
-308
143
206
743
230
-1823
-637
-1715
888
-522
-395
459
-1042
-57
444
999
-1320
-30
582
951
53
158
1407
-6
1307
791
1405
747
-310
715
494
-300
798
-453
15
295
790
-22
489
527
47
36
1562
275
837
862
678
1239
1171
1126
548
1083
681
1760
269
1556
-467
1064
1461
768
-79
1288
-105
454
1155
1663
1475
1653
1824
618
185
1487
915
2073
272
1501
1306
1575
1431
1855
1591
2295
1097
1748
1086
1901
1834
1588
2158
1677
1391
1655
1756
1018
1804
1576
1279
1271
2298
195
1749
2083
1158
2288
1738
1704
2182
2101
1668
1839
2170
2264
2319
2371
1824
2110
2457
2783
1487
1541
2526
3608
2342
2131
1768
2215
2914
2144
3949
2530
1353
2455
2612
2787
2479
3542
3139
4249
3144
3092
3536
2967
3183
3354
2800
3164
3422
2998
4018
4188
2857
3471
3437
4856
4124
4357
2583
2551
3679
3319
4473
4643
3910
2492
2932
4056
3757
4547
3217
3820
2305
3554
4533
3279
3262
5913
4357
4584
5160
4133
6209
5566
3789
4254
2842
3806
4693
4882
4031
4575
4305
4149
2428
3122
4832
2943
5656
4888
5547
4169
3758
3518
4619
4520
2462
5246
3995
5096
5759
5476
4527
4114
5029
5150
4775
4802
6023
4131
4160
3935
4342
4661
4528
4586
4272
5282
6079
4254
5089
4988
2682
4548
5886
7418
5039
4599
6486
5252
5433
5442
4197
5362
4381
4893
5361
4578
4983
5989
5820
5303
6527
6932
6969
4787
5150
5319
5348
7974
4793
6273
5279
4684
5363
7355
6320
5663
3874
6297
5898
5560
5459
5800
6133
5511
8613
5855
4934
5737
5654
5973
5824
5102
6106
6114
5863
6330
6335
5964
6412
6091
5611
6867
6423
5253
7188
7827
7062
6442
5799
6808
5911
5845
6396
7101
6968
6402
5387
7176
6923
5191
6348
6132
5990
6396
6597
6031
6217
6048
6782
6988
6882
5581
7746
7197
7289
5836
7072
7020
6349
7571
6277
6505
6938
7838
6756
6450
7086
6557
6674
6072
5528
8253
5792
6012
5930
7210
7123
6549
5864
5437
7058
7106
6553
7167
5496
7794
7911
7727
7221
7372
6880
6894
7649
5571
7450
6485
6844
7736
6478
6358
5141
7173
7319
6040
6066
6171
7079
7211
7227
4931
7194
7141
6292
7752
7760
7322
7785
7448
4864
6811
7288
6035
7227
6691
6240
8392
7556
7966
5682
6149
6890
6497
7929
6881
7776
7254
6865
7406
7332
8019
6821
7244
6414
7847
5646
5903
5774
4828
5971
7887
5024
6853
6191
4850
6819
6720
7644
6767
6527
6668
7301
7316
7370
7462
8516
7542
8353
7807
6835
6099
7984
5149
7738
7521
7355
7963
6452
7066
7083
7452
9141
5928
6792
7919
7938
6802
7237
6299
7196
7486
7212
7204
7951
8638
7503
7409
8228
7472
8659
8081
8576
7359
7001
7405
8549
7755
7554
6630
7013
7711
7958
8737
7734
6776
8213
7721
7067
7281
7447
8474
8417
7351
7532
8272
8158
5070
7600
6087
6394
7408
7500
8103
7479
7832
7568
7554
7718
7452
6543
7744
7320
7370
7039
7254
8279
8100
8752
8257
7475
6816
9208
7970
6712
8600
8289
8091
7522
7379
7398
8083
7923
9394
7170
7403
7046
6954
8632
8201
8946
7736
8647
6429
8586
8015
7501
7106
8979
7515
8774
7491
8430
7496
6975
8684
7872
7661
8673
8750
7407
7902
8649
8381
8041
7640
7638
8769
8118
8628
7421
7520
6329
7878
7326
8330
7090
6614
7998
8326
8734
8796
8403
6345
7649
6624
7650
7532
8282
8092
8788
6200
8693
7652
7952
8327
6372
7458
9016
9359
8818
7224
8180
7340
8042
8539
8216
8602
8443
7722
8445
6774
7784
8779
8860
7606
9543
8665
8290
9265
8501
7759
8486
9102
7678
7650
8874
8483
7807
8261
9042
8017
8999
8831
8120
7099
6720
8709
8455
8351
8541
8125
7836
8298
7746
9790
9494
8020
7620
7351
8000
7655
7906
8984
8238
9398
8126
7031
9214
8938
7993
8918
8817
7460
8598
8783
9660
8919
7095
8413
8692
6352
7861
8777
8455
7631
8835
8964
6614
8568
8716
7602
8675
9289
9251
6664
8907
8858
8182
8834
9599
7362
8139
8824
7288
8140
7660
8549
8329
8749
8765
8876
8806
8806
9316
7143
9514
8339
8704
8106
9479
9103
8119
9321
7662
8868
9006
8935
7949
9101
8972
9325
9567
8874
8820
7744
9036
9506
9370
7214
8204
8551
8862
8373
9868
9336
9440
8956
7798
8297
8141
8365
9314
8902
9879
10086
9026
7252
8984
8950
9061
9255
7603
9398
8972
8710
8850
8905
8870
7513
8259
8785
8937
8990
7141
9531
8357
7869
8883
8301
9074
8452
8344
8979
7445
9536
8782
9500
8797
8387
7602
9511
7904
8129
8871
8447
8558
9129
9275
8559
9055
7901
7299
8846
8489
8439
8414
8403
9405
8947
9577
8173
9370
9672
10128
8889
9472
9334
9676
7741
8632
10049
9169
9276
8836
8418
9046
10179
9595
8854
10315
9681
9602
8947
9906
8259
9674
8344
9511
8200
8899
8468
10313
8241
9619
8419
8401
8358
9543
9787
7910
7619
9558
9194
8451
7929
9661
10594
8910
9646
9012
9010
8703
9519
9474
9550
7863
9244
10318
8884
9114
9586
8700
9475
9658
8755
7779
9680
8046
9059
8558
9639
8293
8903
8461
8936
9001
9282
10060
8430
8584
10042
8929
9367
8620
9013
9257
9159
8536
9131
9655
10157
8990
9925
8938
8556
10576
8928
10952
9034
9239
9355
9105
9065
9165
9014
9734
9636
8814
8199
7991
9321
8678
9619
8510
8588
9424
9680
8824
9691
8918
9430
10215
9730
8287
10237
9317
9280
9696
9499
8296
9527
8309
10191
9482
9049
9717
10147
9285
10344
8374
9016
8024
8421
9751
9433
9060
8457
10093
9717
8943
9088
7563
10126
9880
9520
9595
9130
10150
10814
10011
9212
8506
9436
9074
8591
8765
9676
9370
9977
9126
8350
8951
9090
9052
9826
10361
9054
9702
9118
8769
9850
9562
9715
7882
10019
8537
8595
9783
9701
8655
10000
10278
7872
8240
9198
10102
8917
10788
8735
9431
9303
10061
8974
9851
8912
10444
9004
9976
9751
9854
10460
9107
9491
9699
10108
9275
11039
10253
9642
9342
10112
8792
10199
9176
9031
9021
10410
9717
8931
8013
9614
9562
9024
9028
9377
9692
9096
10422
9793
8167
8802
9994
9751
10219
9367
8569
10308
10146
9902
9574
9792
9066
9748
10264
9268
9226
9650
11004
10347
9276
9818
9058
8655
10315
8634
8918
9285
9723
9855
9286
9673
9916
8491
9990
9779
9226
10400
10357
9413
9611
8654
10899
9116
9645
9627
10089
8990
10185
8749
9166
7965
9731
10124
9716
9657
9461
9163
8657
8465
10246
9310
10247
9672
9134
8500
10926
9773
9109
10272
9992
11086
10763
9561
10540
9199
10365
10293
9452
8661
10524
8513
9178
10658
9095
10228
9969
8658
10115
8985
9155
10237
10239
10573
10031
9889
10280
8522
9807
11484
8696
10125
10353
9868
8770
9592
10717
9268
9743
9406
9289
10038
10374
8620
9825
9247
8924
10290
10194
10266
8407
8950
10253
9788
9830
10763
10423
10242
9146
8687
10509
9661
10525
9650
10989
9503
9919
9972
11523
10922
9089
10859
10700
11383
9889
9755
9707
10135
9791
11554
10320
9979
9737
9818
9346
10200
9565
9250
9288
10377
10446
9032
11147
10155
10146
10433
11035
9326
11005
8467
9206
9553
11521
9816
10868
10944
10345
9690
9999
9202
8687
9968
10349
10684
10340
10732
9272
10801
11033
8247
10312
10312
9697
9357
10045
8871
10796
10341
9772
9912
10784
10278
10501
10016
9581
11311
9307
9573
11210
8126
11097
10265
9992
10880
11177
9807
9863
10454
11635
9815
11333
11040
10357
9369
10615
11379
8750
9364
10392
9818
10864
10451
11006
10370
11428
10953
10909
10857
10938
10408
9418
10995
10908
10087
10928
9637
9776
10531
10265
10342
10320
10410
10760
10508
9395
9913
9868
9047
9824
9432
9741
9940
10894
11087
9078
10877
11455
9758
11298
11375
11462
10198
10494
10495
10724
10991
10024
10002
11272
10399
11514
10993
10999
9525
10824
11656
10408
9969
10651
11274
10374
10537
10371
11056
8943
9659
11561
8531
10874
10344
10197
10489
10443
10578
9947
10298
10907
8742
11484
11462
11343
9961
9871
10352
8287
8997
9372
10932
10174
9446
11234
9883
11494
9810
12121
10532
8063
10152
10965
8833
11093
9367
9269
10823
10041
9366
11270
10313
11588
9949
10694
10361
9610
10993
10788
11176
10886
12024
10311
10492
9785
12199
11086
11052
10776
10395
10920
11041
10373
12058
11692
10985
10969
9231
9916
10306
11568
8281
10729
9553
10415
11111
9663
10536
10662
11497
11061
9995
11614
10008
11201
9873
9755
10529
11003
11030
11106
11078
11099
10523
10263
10447
10485
10121
9900
11640
10918
9436
11053
8901
11443
11070
10354
11492
10336
10147
9891
10178
9238
10541
10242
11399
10409
10084
10465
11205
10992
11190
11019
9961
11581
9980
10273
10008
8883
11646
9886
10035
9348
10898
10586
11113
11131
10637
10484
10388
9831
10357
10497
10958
9328
10777
8992
10942
11076
8835
10852
10593
11501
9963
10892
10561
10886
9975
11166
10579
10386
9281
9431
9260
9356
10976
11074
9764
10145
11468
11043
9286
10659
10967
10438
10848
10535
10462
10325
10077
10990
10580
12212
10116
10427
10944
11374
11630
12198
9471
10451
10106
8678
11198
11181
10391
10420
11048
10518
9279
11039
9972
10238
11062
10794
11009
9982
12073
10378
10369
11104
9924
10430
9102
11003
9730
11212
10560
9993
10900
12297
10435
11076
10053
10533
9501
12110
9346
11051
11159
10290
11577
11116
11582
8878
10969
10497
9441
9226
11642
9961
10501
11503
10497
9927
10458
10437
10477
12515
11459
9788
11793
11794
9927
11084
11968
11093
9915
10968
9730
10461
11969
10979
9834
11623
11538
10304
11646
10973
10112
10027
10572
10413
10107
10472
8667
10506
9241
10580
11169
11535
11584
11529
10877
12254
9817
10568
9864
10599
10489
9960
10464
11141
11168
10418
10608
10161
11113
11916
11326
9846
11262
10433
11085
10976
11616
10521
11173
10428
9492
11570
11785
11100
11655
9504
11251
11867
10484
10947
10564
10848
10606
9805
11017
12193
12199
11567
9510
12194
9890
11087
10977
10038
11013
10425
11609
12771
11705
10926
10548
11044
10911
11719
10590
12190
12185
13006
10524
11113
11157
12816
12824
11638
12027
12668
10528
11561
12236
9383
12104
11234
10381
11080
11415
11578
10531
12166
10462
11081
11040
10562
11232
9893
11110
10592
9731
11529
10418
9971
11729
11651
10628
11299
11798
12778
12375
11746
12370
10586
12194
11592
12274
10563
10580
10902
11186
12704
11128
11844
11030
9903
12866
12807
12762
11780
11886
11024
11485
11712
10363
11094
11656
10518
12808
11010
12176
12265
12122
11114
10663
11035
12235
11196
11171
11259
10819
10892
11034
10565
10567
9957
12226
12752
10524
13415
10984
11877
11452
11165
11016
10407
10448
10979
11653
9486
11056
12618
12120
10619
11798
11143
12308
12634
10559
12327
11670
12239
11830
10322
9950
12914
11837
11349
12180
11209
11252
10488
11300
12095
12460
12745
10665
13420
10586
10467
11798
12293
11251
12799
10644
11099
11136
12318
9648
11041
11809
10965
11519
11334
11601
12302
11298
9927
11639
12419
11123
11869
13547
11734
9670
12609
11071
12817
10451
10038
11184
11751
10606
11700
11691
10614
9471
11231
11167
10691
10478
11668
11740
11215
11715
12166
9494
10840
10884
11841
11592
11735
12263
11096
11833
12731
12606
11278
11294
11798
12277
11649
11265
10392
11347
11107
9877
11537
10712
11567
11700
12422
11339
11284
11274
10186
10338
11338
11777
12957
11028
11083
12856
12298
10792
11588
12959
12166
10585
11189
11737
11235
11861
11827
11225
10746
12691
11568
12784
11153
11737
12295
11349
11283
9601
11635
12323
11668
10178
13293
10655
11624
11689
11277
11337
11086
11203
11120
11642
11828
12781
12927
11254
9939
10559
12401
11251
11747
13868
12301
12932
9622
12125
10473
11218
11839
12450
11224
12344
8941
11581
12955
10368
12233
9919
12360
10682
11080
12310
12453
12352
11203
12915
10672
9952
11195
11940
12317
12879
13405
11024
12872
10755
11821
12773
11738
11708
11287
12874
10910
12249
10612
11759
9888
11886
12726
12940
11223
12293
10183
10213
12129
11845
10181
10127
11303
10048
9661
11808
13304
11886
11352
11866
12216
11173
12407
11729
11193
11202
10800
11787
12234
11804
12190
10796
9962
12672
11776
12741
11680
12288
12284
9446
12340
11316
10682
11726
12258
11864
11126
12487
11806
11122
12889
11330
12731
11836
12303
11291
12475
12408
11917
12291
12031
12755
11640
12297
12387
11166
12920
10119
11688
10676
11859
11308
12858
12264
10650
12871
12867
10637
11177
13044
11747
13012
11346
11929
11739
11235
11231
11276
11746
10239
11767
12434
11897
12256
11259
12311
11147
12797
11753
11762
11043
12371
11742
11820
13217
11113
11868
13004
10736
12070
12836
11652
9415
11843
11814
12282
12221
12992
12322
11331
11741
11874
11211
10072
10562
10231
11264
12780
10728
12267
10731
12923
10793
11674
10520
11798
11725
11684
11087
11337
12594
11859
11677
13883
14028
12418
11889
13161
11794
11219
11337
11266
12272
11653
11220
12452
12425
12830
12420
11812
12096
11746
11720
11691
11342
12938
12843
12373
12024
11342
12831
9819
12411
11789
11950
10716
12138
12425
12156
11336
11189
13407
12972
11843
11655
12383
12371
12354
12336
11675
13464
11845
11667
11757
11298
13476
12363
10605
13557
11708
11663
12353
13973
11199
11817
12279
10846
11316
12828
10174
11879
12484
12345
11433
12381
10566
13442
11934
12387
12322
12149
10487
12489
11768
10003
12241
12863
11842
11764
12284
11014
13401
12351
11443
12360
13512
11213
11268
11796
11662
12247
11782
12879
11873
12843
12398
12414
10983
11308
13397
12270
11327
12384
12279
11268
12761
12348
11905
12976
13455
12237
12321
11324
11019
11246
11698
12368
11909
10586
11669
10650
11583
11142
11368
10678
13469
10726
11349
11687
10640
11769
12337
13422
11413
11271
13307
12871
11852
10701
12253
12310
11271
13011
12511
12314
13436
11275
11128
11842
11680
12394
11750
12700
10731
11785
12910
12903
13041
11146
12463
12342
11639
10827
12619
12315
12300
11309
12953
12916
13503
13326
12471
12534
13475
11864
14060
13599
11258
11685
12252
12370
10676
13056
11952
11702
13376
11318
11890
12915
11754
11869
12288
13937
14589
13026
11033
13978
12201
12370
13364
11805
12950
11828
11792
10705
10855
12827
12333
11382
11295
12527
11107
13461
12420
12460
11233
11891
11152
11726
12849
11208
11729
14038
13264
12145
12466
11864
11775
11852
11906
11836
11872
10239
13590
12865
11972
12830
11030
11162
12441
10454
12846
12880
11864
12326
12933
11220
12901
11104
12118
13217
14134
10258
14003
11808
13388
12390
13005
13507
11691
11867
13455
11843
11370
13483
11469
11985
13326
12928
12480
11857
13457
11244
12915
12420
13043
13436
13964
12289
13449
13029
12296
12897
11127
11709
12465
12934
11715
12375
12899
12962
12405
12923
11293
12302
14086
13676
11133
11982
11178
14730
13546
12396
13070
11652
15161
12956
13422
11342
13041
12456
11281
13458
13136
12403
11716
12947
12968
12806
12900
12380
13631
12378
12941
13082
12900
13029
11743
12778
12467
11282
13370
11324
13610
12958
12384
12901
11820
10287
11858
12453
14134
12466
13423
11868
11368
12888
12362
13557
11357
10577
12298
11310
11789
13466
12008
13578
13039
12366
12680
12891
11892
13891
12312
13054
11242
11880
11888
12386
11873
10365
10753
11760
13551
11923
12438
11216
13574
13088
11837
11735
13543
12329
14077
13034
12310
12326
11900
11760
11920
10654
13491
12829
14096
13131
13054
12407
12836
12932
10856
13017
11771
13518
12444
12673
12977
11933
12026
12456
11314
12438
12039
13475
13499
12827
12372
14022
11828
12892
13022
11950
13431
12944
11900
12502
13034
12888
11909
12503
13030
11769
11708
10673
11870
11869
10886
11893
14112
12917
12490
11966
11915
13427
11295
12361
11875
10677
12830
10744
10896
12984
12884
12262
13604
11218
11896
11237
10257
13549
12942
13060
12362
12490
12963
12400
11847
13054
12470
12560
12368
12766
12812
14242
13208
13554
12946
11739
11747
12969
11927
12903
12284
12828
13509
13472
13528
13027
12329
12346
12999
13558
11928
11754
12206
12479
11315
12897
14005
14044
11712
13621
11758
12982
12856
14743
13010
11857
11308
12474
11882
13507
10584
12880
14702
13005
12046
13033
12224
13029
11850
12910
12928
13395
12198
12982
12432
12375
14706
14122
11734
11673
11789
11133
12237
13556
13546
12922
12427
11052
11781
11820
11341
13656
12995
11169
14145
12996
12365
12852
11352
12367
12896
12454
12340
10788
11836
12340
13009
14505
12289
11432
12875
14168
12634
13690
11499
12422
12462
13993
12449
13061
10746
12400
12415
12332
12433
12953
10685
12968
11911
11880
12934
14153
11915
13003
12477
12426
12427
11384
12179
12223
13073
13554
11382
12335
13348
12307
13000
13061
12939
11945
12464
12996
13310
14089
12961
12986
11849
12444
12276
12951
12368
12959
11896
12964
10761
10756
11889
12500
12296
13097
12358
13009
11081
13456
12221
11907
12334
14115
12420
12778
12960
12441
12915
11291
12451
12467
13448
12899
12851
13971
13113
12869
13021
14730
11489
12511
12476
14034
13562
13547
11758
14186
10545
10839
14666
13048
12319
13569
10104
13552
14163
12571
12953
12245
13996
12422
11970
11825
14082
13683
12344
13560
12990
12201
12334
13059
13538
11715
11897
13144
13100
12339
13603
12834
11776
13023
12882
11916
13584
12434
13147
12401
12394
12433
13088
11878
13514
13674
12036
14171
13057
12417
12490
11898
12589
12979
13648
12514
12380
12446
11891
11387
10955
12422
11275
13542
13508
11271
11672
12418
12974
14684
14165
12460
11268
11325
12514
13992
12382
13084
12512
12872
13624
13023
11275
11845
13434
13473
11810
14083
11587
12306
14692
13486
12573
12601
12979
11950
10686
11878
11467
10717
10616
11941
11321
13524
13077
14038
14084
11726
12965
12517
12947
14152
13035
14716
11265
13474
11708
11927
12955
13553
12985
13710
13589
12562
14763
13034
13031
11456
14144
10100
13558
11377
14641
13687
13613
11388
13523
14234
13118
12579
13645
12501
11920
15350
12339
14061
10842
12266
13440
11827
13404
12337
13051
13664
10267
11892
12965
13508
13520
12358
12337
13407
14065
10918
11144
12902
14165
12959
14093
13050
13571
12405
14084
14604
12547
11336
13099
14168
13626
10755
13564
13652
13492
12703
13465
12000
12911
13734
12936
13639
11959
13068
13586
12480
12415
14145
13512
13074
13503
11801
12503
13671
13604
13561
12924
13611
11805
13489
11342
12288
13058
14565
11916
13505
12285
13104
13530
12460
12993
11781
13000
13501
12426
12455
13126
13095
12239
13505
12386
13053
12998
13552
13101
12545
10862
13488
11851
13608
10863
11317
12855
13545
12871
12522
11934
12556
12858
14123
13013
13479
13636
11883
13409
13067
12932
12596
12314
13226
13155
12990
14108
13176
12475
12974
13654
13077
12333
13090
12219
14713
13622
12418
14103
12411
12010
11441
13582
11874
13560
13163
12440
13603
13047
11976
12914
12430
13085
12851
11285
12477
13002
12433
13590
14063
12999
14780
12404
13138
14745
15222
12425
13526
12936
13418
12334
10141
12942
13609
14015
11464
14179
12396
12046
12448
11874
12569
12445
11854
12068
13601
13464
13512
12286
13957
14124
13027
12359
12389
12090
13003
11463
14687
14681
13642
12437
13660
12387
12451
14660
13502
13066
12480
12535
12652
11956
14661
12357
12467
13114
14214
12921
11836
14105
11114
11833
11907
12448
13503
13003
13657
12017
10727
12316
13549
11440
11255
12636
12997
13566
13613
12045
11859
13614
12390
13483
13656
14119
12895
13552
13637
11935
15358
12383
14174
12319
14001
12579
13537
14166
13584
14109
12548
12458
11970
12584
13607
13516
13645
13131
13608
12964
12465
11776
12417
15237
12578
13050
13523
11502
11455
14605
14132
12391
12468
11820
13552
11899
14225
13020
13591
13684
12490
11987
12364
13579
12606
13470
14017
13132
13104
11892
12511
14675
12922
14216
12543
13013
11306
12102
12624
13503
13551
12440
12340
13095
12887
12852
11853
14178
11926
13001
13020
12501
13018
12581
13100
13063
14348
14132
13625
13123
11947
11993
14215
13660
11477
11769
13590
13012
12984
12455
14269
13020
12469
14774
13609
14276
13587
13102
13503
14681
13023
12441
13049
14268
11210
11819
12563
13621
12982
13054
13447
14167
11383
11342
12946
13551
13038
11808
14024
14694
12482
13089
12340
14803
12065
14710
12543
12453
14142
12482
12980
13597
13748
12965
13590
13535
14054
14049
14615
12470
13141
14145
14169
11841
11905
13610
11913
14058
14171
13710
11517
13026
14743
13592
13698
13065
13997
12477
13047
11912
13761
13977
12915
12574
12461
14077
13518
13087
14673
14657
12490
11285
12491
14642
14727
12349
13619
14780
11883
13001
12909
13524
14685
11781
12459
14159
14157
13644
13001
12519
13585
14053
11910
12402
12937
13634
13575
13608
13484
13607
12956
13666
13530
13066
13606
12985
13620
13050
13511
11281
12384
13692
13517
12894
11891
13121
12579
12488
12474
11881
12545
13676
13035
13619
13103
11951
13574
13187
12417
12493
14084
13540
12460
13679
14057
13538
13588
13580
12449
13219
14651
12362
11039
12478
11858
14003
12438
11882
13600
12376
12989
14758
14587
14663
13076
12947
13710
13501
14766
13650
13033
13588
11333
13496
13023
12406
12522
11842
14153
14685
12564
14190
13124
13119
14242
13657
14142
11987
12566
13579
11356
12940
13599
14248
13102
12453
13193
12310
14071
12558
13077
12457
11407
13522
13498
14680
13493
12434
13615
12489
12364
11724
13675
12884
12954
13665
12503
13702
12506
13540
12995
12998
13136
13568
12674
14117
13747
11880
13571
14696
14109
14727
12500
12038
12415
11983
15205
14157
14128
14652
12941
14052
11422
14089
14637
13091
13481
14006
13119
12000
14162
12792
12433
14746
13636
13005
12476
13671
14747
13207
14652
14233
10745
12444
15228
11905
13675
11383
13658
11853
12391
13124
14151
14093
13668
14052
13577
13706
14174
12423
14226
13124
12440
13638
11817
13674
13059
13602
11985
13972
13076
14690
12014
12421
14048
12347
14231
13113
13459
10930
13158
13016
14784
14834
12888
13112
13149
13619
13070
14207
14211
13188
13038
13003
11524
13552
13517
13508
13075
14693
13113
13043
13113
13585
13090
14129
12549
13156
12464
12969
12498
13086
13105
12470
14772
12932
11482
15309
12575
11383
12067
13685
14236
12928
14669
10743
14267
13542
11966
12498
12392
11987
12995
11493
13016
11416
10646
14830
13653
14283
14819
13109
13468
13627
15247
13009
12470
11964
14130
14735
13522
13009
12037
14664
12977
12951
14115
13052
14220
12431
12357
14121
11949
14790
14291
11966
13691
11975
12491
12929
13156
14107
13600
12507
13044
12414
15848
14188
11404
13585
13560
14176
12399
14130
13052
13736
12930
11919
14776
12275
13636
13615
12942
13021
14779
11259
12992
14180
14790
13593
12573
13546
14209
12457
13512
13199
14298
14759
14151
14081
12966
14141
13768
11926
13116
14128
14814
11793
13690
13555
13716
12487
12625
14252
11505
13014
13049
11964
13608
13839
11896
13119
13555
14246
13068
12645
11966
14657
13025
12484
14268
11437
13641
13138
14742
14258
13147
14751
13595
12537
13030
12475
13640
12377
13652
11950
14166
11718
14796
13061
13167
13145
12082
12538
14168
13488
12004
13627
13487
14143
13524
13741
12636
12472
11843
15247
13589
12438
11878
12927
13682
13084
13536
12609
13161
13539
15230
14736
12606
14161
13763
11894
13003
14248
14155
13616
15344
15339
14150
12477
12874
13052
12394
12437
14123
14120
13520
13020
14720
14796
14196
14187
12604
13668
13018
14074
12390
13620
12508
12443
14202
12998
13079
13717
14254
11968
11866
13681
12536
13642
14230
12597
12470
12020
13118
12476
13027
13649
13650
13593
13111
12495
13102
13065
14151
12491
11935
12576
14234
12299
13634
13610
13704
12514
11982
13764
14250
12480
14757
12026
13010
13175
13058
15249
13092
12313
14210
13046
13052
13045
13621
12524
15361
12412
15354
12406
12570
13138
14733
14316
13008
14027
13068
12557
12585
13079
12545
13462
14756
14055
13053
13554
12413
14188
12467
15871
12391
14789
13626
14615
12538
13068
10904
14720
13569
12418
13663
12461
10864
14161
14282
12547
11452
13789
13112
13214
11961
12481
13711
12603
14775
12469
11380
12559
10698
12919
12910
14197
13070
12508
13058
14232
14217
13123
11940
12466
13634
15257
13478
10797
14172
13553
12423
11933
13155
13159
13047
12984
13607
13072
12381
12661
13103
14254
11941
13535
13547
13064
11846
13655
13012
15313
13741
13226
12505
13659
13206
12471
15269
11353
14232
11428
13464
13127
11380
13670
13626
13639
13696
13637
12414
12549
13001
13994
12502
13168
13590
15416
13195
13606
12869
15411
12951
13201
13767
12540
14299
13117
13636
13549
14195
13050
14078
12396
13731
11942
13241
12499
13046
12538
13043
12514
11236
13091
14224
14768
11823
13011
12562
12551
13729
12530
14686
14739
13065
14224
14693
13736
13728
15318
12554
12462
14296
12381
13602
12550
13096
14130
13559
10749
12470
10911
14805
14209
14154
14788
12963
14196
13036
13646
13077
13175
12286
13583
14760
12522
13149
13176
14648
14769
13717
13031
14249
12549
14111
14186
13074
14165
15241
12586
15897
15184
14765
13664
12931
13625
13794
13569
12553
13070
13139
13714
13116
14213
13549
13616
13048
13678
12569
14174
10217
13113
14298
13007
13075
12457
15365
14146
12465
14158
12574
14157
14252
13636
13629
12068
11816
13498
12476
12995
14213
13574
12405
13594
13030
15392
14727
12072
13557
14682
14723
12965
14816
13628
13129
13590
14225
14198
13624
14825
12009
12995
13638
10994
13007
13664
12451
14694
11548
13627
12500
13728
12593
14128
13530
12607
14127
14707
12017
13542
12470
13061
12576
12377
14680
13724
11981
10944
13129
11827
13549
11943
14236
12652
12538
13624
11981
12579
14838
13125
13637
15305
13066
12553
13601
13483
13149
13056
13578
12470
13045
13123
13069
13803
11880
13043
14116
14203
14771
12436
15263
13603
15197
14283
14238
13071
14737
13704
12480
14311
12529
14815
14706
13572
13055
13791
13165
12532
14138
13608
12610
12591
14826
14207
14805
11983
12005
14191
13705
12529
12521
13676
12577
14861
13144
12659
14232
13650
13659
14681
13725
13644
13093
12635
13648
14642
13178
12402
13068
12017
13583
14148
13655
13167
12607
14718
14254
11925
13088
13661
12507
13688
11979
14267
11907
12051
14183
12923
12975
12505
12963
12040
12969
12010
13562
12064
14789
13228
13634
11980
13043
13621
12573
15345
11854
14227
13062
14237
14288
12574
14319
13047
14247
12454
13683
13035
13632
14317
11386
13608
11895
14231
13082
13546
13638
12570
12120
13149
13048
13621
13716
12536
12581
11572
12491
13539
13005
12584
12505
11807
13151
13155
13067
12943
11938
13113
14172
14180
13537
13014
14183
14061
12430
13060
12475
14264
14753
13644
13623
13691
12603
12400
12575
13590
14318
13611
13164
15336
13515
14182
13096
14203
13733
13674
13581
12470
13129
14796
13651
12487
12538
13208
15212
14175
14108
13561
14835
14843
14335
13117
13111
13673
13052
13742
11833
14680
12979
14165
13618
13003
14665
12489
13099
13635
15314
13172
14256
14196
15334
15368
12054
13094
11914
11901
13104
13630
13571
14811
14770
14757
13709
13644
15236
12093
14195
13645
12421
13232
13654
14756
13466
13135
13121
14277
14816
13492
13161
13702
15347
13670
13713
14238
11354
12961
13135
12610
15303
14229
13568
11878
14869
13161
14168
14146
12455
13168
11800
14208
12507
15313
14680
13651
13635
14227
13076
14219
13043
14645
13665
13711
14318
13577
13726
13628
14271
14712
13602
13058
13642
14298
13727
13583
12507
14738
13037
12018
14818
15883
13008
13672
12101
14731
14343
12583
13139
14635
14088
13646
14191
13547
13683
12632
14761
11936
14272
13608
14075
14211
13744
13663
15346
13797
12562
14180
13008
14213
13018
13809
14159
15399
14074
13035
12538
12481
15349
14811
11461
14185
14830
14838
14731
13159
14374
11366
14189
14148
11486
14956
14203
15369
14245
13141
13033
15388
11979
14099
13187
13483
11414
13605
14193
13102
13113
12580
14857
13804
13579
14082
12006
13700
13138
13102
13767
13702
14210
14221
13068
14265
13125
13586
13705
14115
14226
14300
14779
13755
14204
13685
11902
13675
14694
14199
13691
13092
12980
14683
13655
13646
14208
13654
11422
14331
13754
14804
13642
12996
12510
12602
14200
14178
13594
13181
13558
14664
14176
13098
12552
13166
14790
13001
13172
14232
14072
13580
15270
14665
13663
11987
14776
13588
12001
13874
15266
13052
14098
15290
13641
13151
14849
14240
13607
12704
14219
13718
13216
10807
14235
14241
14205
14667
14246
13147
14155
13588
14195
12440
13762
12044
14759
12595
12005
13537
13552
13711
13130
13593
14218
14784
13121
12601
14818
11853
13611
14283
13130
13755
12564
14297
14836
14079
12461
15315
11565
13652
13561
12324
15447
14148
14230
13743
14841
13134
12029
12532
13755
13624
13647
12581
12368
14228
13740
14890
13731
12540
12003
13216
14864
13758
14822
13655
14704
12571
12542
12534
13159
13122
14672
13642
13172
11517
14787
12493
14785
14758
13038
14258
14268
13191
13116
14196
13678
13663
14264
14277
13226
12587
13171
15262
13008
13128
12995
12974
14304
13178
14252
14304
14193
13110
13078
14209
14269
13096
14258
13181
11466
14642
14154
15307
11507
14758
13010
14297
14325
12554
10203
14791
13620
12571
13578
14767
14658
13073
11890
13750
13695
12981
13705
12542
14838
12429
14180
13647
14206
14800
14157
14283
13610
15253
14250
12552
13162
12541
12053
14829
13776
11804
15364
14730
14684
13683
14198
14283
15392
12646
14284
13598
14121
15854
13619
13141
13057
12598
13706
14712
14259
11448
15309
14255
12990
12660
13568
14211
14103
14190
14805
11983
13004
12367
13688
14159
13534
14209
12497
15380
13076
13549
12484
13662
12628
15318
13126
13197
12022
13625
14857
14212
13721
14787
12508
12539
12461
13585
12629
14851
13159
14214
12603
13076
13178
13668
14287
15909
14234
14289
14739
13621
14202
13125
14823
13698
13746
11989
14666
13073
13126
13688
12970
13686
13464
13098
12592
13644
14118
13661
15311
14278
13503
14101
13024
14243
13706
14259
13670
13043
12401
14742
12572
14185
14257
15419
13655
13035
13645
14209
13619
12040
12521
14177
13078
13653
13023
12665
12565
13649
14166
14330
14826
12563
12505
14862
12435
13665
11918
11872
13653
14816
13663
12552
12446
14107
14806
11977
12056
13707
12591
13705
14785
14801
12980
12612
14249
13495
14240
11905
13787
13645
11469
13668
13378
13667
14326
13123
12601
13081
13642
15352
14250
12704
14160
14203
14790
14245
13598
14821
12524
14157
13170
13085
14709
13705
15968
13092
10844
13812
11494
14766
14796
13086
14825
13755
14761
11608
13137
14716
13559
13662
12981
13679
14151
13604
13768
13652
12619
13716
13072
13725
13058
14128
13555
14814
13521
14257
15335
14330
14832
14293
13742
13127
12500
12583
13633
13636
13551
13103
14672
14770
15333
14724
13533
13032
13096
14792
11485
13660
15314
13164
14205
14759
14849
13293
14172
12523
14270
12019
14211
12487
12641
15455
12607
13770
13652
13719
14169
13809
11342
14136
13715
13628
13143
12587
14807
14234
14824
13666
14282
12987
10850
13730
12984
13103
14790
14370
14149
14189
14774
11501
13099
14211
12040
14116
13015
13633
13661
14205
14201
13036
14808
13644
13676
13665
13060
14711
13152
14788
15245
14249
13657
13579
14250
11496
13105
14804
13138
14249
12013
13068
13665
12558
13263
15367
12066
12498
13140
14864
14740
13040
12541
15286
13671
14846
13020
14863
13056
14151
12462
13536
11967
14799
14864
13604
13707
15452
14780
13683
14721
13123
15300
14801
11934
12670
14819
12463
12510
14828
12563
14891
15224
13166
14056
12473
13064
14222
13114
14232
14263
14765
14401
14705
13064
14302
13531
13734
12471
13600
14782
14221
11503
14736
14326
13062
14800
13181
11874
15455
13124
12653
13632
14236
13749
12501
14302
13126
14785
13189
14343
14198
12613
14250
14309
14158
13574
13546
13178
14306
13526
14758
14740
15866
13760
15391
14700
14166
14773
10817
14161
14797
13605
13028
13694
15304
13272
13252
14142
14215
14703
13635
13644
13686
13763
14825
14202
14321
14202
14218
13739
11390
14750
14258
13651
14283
14871
12989
12507
13713
12150
13135
13704
14773
14864
13642
14306
14284
13109
14248
15847
13731
12563
14833
13581
13074
12532
14713
13689
13117
13809
12446
12668
15268
12014
14282
12483
13755
13685
13195
12741
13588
14816
14161
12456
14757
13237
15316
14256
13722
12542
13242
13048
13752
14187
13180
13561
14927
13692
13124
12445
13682
13693
13182
14278
12424
13090
13618
13007
13145
14308
14217
14821
13683
14737
14201
11797
11991
13638
13634
13623
13652
13138
14275
12602
13037
11884
13164
12034
12673
14229
14765
13686
11847
14789
14818
14178
13647
14273
13626
14255
13640
13675
13074
13638
10770
13125
11384
13676
14243
13113
14150
14706
13695
14313
13093
13609
13760
13113
15296
12050
13582
13548
14808
13190
12093
13080
14104
12995
14328
14819
14308
14201
13669
14733
15319
13790
12998
13721
14157
14836
14210
14179
14190
14274
14141
13572
13824
14790
13701
14792
14123
14187
15358
14115
14730
14298
13061
14760
14771
14711
13164
14109
15304
14775
14316
14301
12635
14782
15887
10922
11384
13643
12563
13715
13016
13081
12576
14175
13136
12502
14196
14279
15292
13512
14229
14320
13702
14257
13134
15312
12525
13558
12487
12972
10949
13695
14199
14211
12633
14241
12521
14223
12499
13023
13228
14823
13062
14903
13223
12575
14835
12642
13046
14274
13676
12928
11990
13174
14700
14199
15325
13105
14776
11907
13202
13665
13721
13730
14304
13182
14192
13081
12962
12968
13701
14240
14704
14702
13171
13025
12541
13756
12943
14817
15396
14266
14775
13585
13045
13646
12543
13734
12992
12026
12047
13635
13726
13127
14277
14189
14679
14696
14703
14274
13015
13770
14875
13049
14136
13248
13204
15298
14133
13718
12621
11977
12650
14815
14686
14223
12495
13587
13183
14238
13055
15940
13231
14288
13578
13752
14214
13713
13692
13599
14260
14171
11987
13590
13132
13144
13123
12666
15479
14840
14752
14253
12413
14257
13641
13597
14778
14241
13680
13182
12102
13675
12502
13649
12593
15351
13649
14191
13722
15238
14201
13657
12018
14185
13631
14135
14288
13138
11967
14231
14237
13194
13717
14894
14214
13084
13210
14780
13168
15337
14128
14749
14832
14132
13239
12519
14869
13603
13633
12851
14881
12170
13755
14876
14286
13832
14164
14185
14312
11317
15390
12664
12973
14741
13754
15391
13566
13122
14253
15325
13600
11568
12608
14740
13652
14832
13702
14195
13705
14238
14223
14862
14307
13154
13605
13175
15378
14798
13779
12508
12604
14263
14293
14238
12623
13732
13737
13627
12605
13086
14271
14709
13722
15346
14217
13158
13617
13623
13702
12576
14805
13815
13137
13994
14804
13196
15458
12478
13022
13212
13658
14153
13140
13164
14708
13692
13134
12508
14270
13067
14249
13679
14311
12013
13101
12907
14293
13649
14805
14171
12537
14867
15266
11976
13029
13655
14214
15886
14736
13694
13292
14268
13635
13031
14128
13789
14324
14753
14221
14131
11997
13247
15290
14758
13651
14229
13591
12137
13161
14866
14755
13625
13720
14240
14300
14156
14902
11936
14806
13661
14119
11445
14245
15424
14815
12704
13194
13102
14100
14211
12982
13753
13062
13602
14186
13654
13622
14263
14158
12636
14275
13130
14198
13019
13714
13661
12907
13731
13707
14800
14162
14228
13648
12423
14288
13641
13741
12507
12576
13698
12525
13201
12524
14215
13171
11982
14258
14740
13140
14235
12674
15443
14224
13670
14849
14786
14274
13797
15325
11416
13117
14773
12467
11894
14178
15266
13217
14124
14748
13678
12401
15240
14210
15356
13677
13644
12563
13591
13164
14699
13222
14815
14265
12555
14692
13713
14258
14885
13622
13662
14145
15385
14687
14112
12582
13731
14171
12021
15360
12360
13160
11889
14648
14853
14317
13808
14909
14253
13662
15368
13655
13157
14296
13068
13671
13599
14319
12579
14198
15915
13662
14251
15341
14255
13825
12633
13194
13594
13152
14271
12605
15974
14805
11310
13632
12466
14299
14166
13115
14316
13724
13717
13149
15296
13784
13170
14198
12992
13083
13685
14190
14223
14304
15443
13601
13641
12637
13080
11980
14276
13245
13027
13150
14784
12619
13565
11938
13095
14292
14807
13172
13758
14245
14201
13141
12423
14301
13645
14264
14850
15350
12505
12495
14172
12213
13589
14265
12430
14198
15304
15332
14237
13197
14843
13629
12533
12615
13582
11520
15243
12042
15954
13635
13603
14848
14215
13259
14258
12156
14330
13678
12575
14233
13143
15344
10763
12993
14878
14308
14338
13616
13163
13671
13062
12044
13619
13214
14250
13636
13626
14268
13697
12404
14827
13729
13715
14230
13678
14801
14769
15337
14198
15409
13182
14158
14165
14217
13665
14287
14931
14849
14841
14269
13678
12017
12637
13627
13711
12536
14825
13143
15341
13631
14282
13182
13719
13646
13045
14245
14710
13165
13084
14258
14124
13685
14220
14215
13561
12730
12016
14231
14746
13555
16010
12634
14158
13141
12474
14200
13679
14327
14347
14276
12536
13586
14327
12701
13051
11977
11516
13620
14163
13669
14146
13633
13787
14848
13643
14228
13238
15324
14208
12584
14857
14805
13237
14319
15396
12740
14202
14342
15373
12069
14216
13730
13224
13268
13070
13415
14291
12971
13615
14300
13765
11939
13071
14798
12538
14861
12582
15423
13704
12614
14284
14207
12031
14256
11876
13049
13091
13128
13170
14223
13074
14265
13186
14124
13896
13133
13698
13662
12104
14234
14760
12545
12489
13690
14228
13849
14263
14793
13695
14843
13619
13161
12545
14854
14360
13062
14225
14786
14803
13007
13868
14257
14868
14252
13669
13692
14865
11431
13668
13159
13299
14198
11962
13149
14260
14177
12467
13706
14202
13702
14273
13563
13647
14804
14267
13780
13667
15295
14198
13634
14342
13635
13716
14225
14254
12015
13739
13160
13221
12592
14180
15332
15405
13736
12624
14842
13753
13135
14138
13777
14280
14301
14730
13093
14818
14762
14750
13178
15438
13186
13164
14245
14915
13787
11606
12925
13752
14354
12407
12083
13553
13153
14738
11933
13195
14228
14323
12477
14283
13791
14270
14187
13558
12600
13821
12545
11406
13804
13701
13669
14350
14688
13628
15346
13683
13710
14212
12556
14222
11990
12995
14337
13048
13212
12528
12476
13610
14786
14911
12593
13174
12432
14261
14197
13747
15381
13563
12519
14278
14217
13589
14179
14261
12566
14926
13708
13043
14743
14248
14786
12051
12634
14075
13609
13135
14295
14643
13648
13155
15387
11981
13739
13626
14783
14257
14256
13489
14840
13659
13759
13605
13817
15364
15439
13143
14713
15345
14773
12394
13739
12497
15356
12547
14832
15406
14254
14205
14754
13662
13168
14887
14812
13152
13636
13655
13091
14284
13698
14204
13777
13183
13516
14274
12607
13011
14158
13082
14105
14712
14217
14165
13603
14810
14870
14724
13226
13704
13743
13714
15337
13696
15924
14221
14277
15283
14740
14191
14764
14273
13630
14380
14239
14152
15419
14837
14280
13802
13670
13714
13734
14247
14791
14241
13114
14326
15412
13640
13787
13745
12539
14729
13098
14739
14131
13623
15262
15429
13770
13756
13768
14742
14338
13723
12010
13733
14226
12551
13698
14826
13051
13730
14241
12003
12568
14820
14212
13683
13748
14289
14249
14313
15424
13629
15420
13119
14884
12963
14163
13703
13698
13098
13028
13054
13099
13578
14794
13161
13001
14200
11949
15361
13656
14870
12550
15421
14106
13586
14286
13652
15400
14881
13725
15407
14329
14812
13063
14801
13745
14737
14229
14309
14812
13583
13746
13167
11947
12585
14824
14182
14824
14850
14220
13116
12709
13625
15371
14734
12567
13176
13175
13693
13086
13638
15364
13293
14267
12544
14232
15317
13719
13619
13169
10466
14218
16012
14241
13171
12551
13099
13204
14211
13113
13202
14232
14173
11941
13024
14788
14185
12022
14811
14826
13720
14274
11961
14243
13807
14807
14792
12019
13612
13757
13685
14269
13180
14748
13226
15367
11380
12504
15357
14236
12563
14855
14234
14834
15325
13135
14319
13739
13220
14176
13104
12622
14784
12593
14833
13182
13794
13062
14138
15339
13178
13697
13565
13559
13811
13181
12512
14068
15326
14110
15382
14794
13115
12098
12559
15355
14214
15930
13148
14787
14862
12341
14138
13625
15920
12471
12483
14369
14285
13800
14654
13075
13652
13175
13088
12557
15914
14273
13637
14221
13725
13634
14835
13663
14128
14808
13134
14192
14782
11515
12522
14253
15889
13643
12506
14330
13696
13627
15343
14208
14317
15288
14239
14729
12498
13668
13210
14277
12491
13168
14267
12954
14851
14151
12512
14684
14253
15330
14256
13630
15423
14168
13141
14294
14674
14789
13716
13249
14324
15930
14382
14245
14260
14247
11983
14365
14816
13684
14785
13129
14821
13780
13623
14222
12635
13663
13752
14791
13659
14302
12561
13495
13092
13090
13129
14287
13167
13170
14273
12550
13100
14875
13764
15295
12673
14712
13732
13664
13738
14253
13605
15335
13564
12677
15267
14829
11876
14234
14316
14758
13199
13729
13664
12137
15390
15339
13180
13106
14818
13130
14302
11969
13128
13661
14081
14275
15358
13116
12664
12781
14277
13699
12067
14179
14304
15335
13784
12583
13675
14218
14719
14231
14298
13106
12561
13737
14847
15324
13187
14340
12083
14201
13664
14331
14343
14159
13148
13648
14813
14885
13702
14251
12647
15353
12682
13034
12669
13729
13202
13103
14760
13772
13156
14795
13586
12455
13647
14275
14337
13050
13039
13627
13603
14102
13781
13795
13034
13720
13631
13054
12623
15909
13666
13667
14233
12577
13761
15394
13768
14853
13134
13686
14220
14825
13140
13170
13733
12146
14762
13822
13112
13669
14195
13202
14301
15849
13307
14767
14251
14329
14294
12171
13104
13759
13161
13128
12562
15367
12101
14308
14927
14289
12627
13191
14293
14805
15419
14267
14370
13693
13688
14384
13147
13169
13786
13611
13622
13678
14280
13220
13675
15433
13723
14275
12755
14856
13743
14241
14091
13638
14241
14315
14273
14733
12644
14810
13560
13774
12620
15369
14198
13133
13081
14796
14233
13745
13172
13615
13603
14838
14908
12600
14783
14254
14280
14126
14258
14340
13741
12989
14190
15350
13693
14862
14358
14826
13552
14308
13080
14153
13140
14821
13727
16039
14156
14326
14940
14801
14782
13697
14264
14301
13106
14874
14200
14245
14259
14295
15392
14292
12684
14802
12605
14757
14311
14163
14736
14184
14786
13062
13712
15358
14243
14345
14724
13149
15353
13185
14216
14348
14212
13112
13647
14374
13729
14247
12611
14290
14875
14294
13789
12484
13214
14358
14327
14307
15310
13664
13769
13799
14316
14721
15948
13735
14256
14223
14850
13057
13142
14924
14294
13695
13776
13728
13664
13080
13845
14224
14277
13638
13167
13724
14827
13063
12690
13145
14297
13224
13306
14244
14361
12557
13224
14759
15400
14134
14375
13165
13731
14296
13665
11442
13707
13192
13675
13642
15303
13203
13754
14828
14209
12588
13139
14275
15448
14784
13622
13100
13694
15901
13703
14157
14340
14192
13667
