-9598
-9403
-9032
-9379
-9144
-8885
-9067
-9035
-8842
-9218
-9065
-8833
-9378
-9062
-8830
-9151
-9036
-9254
-8888
-9125
-9149
-8957
-8813
-8788
-8958
-8745
-8615
-8563
-8671
-8782
-8570
-8487
-8546
-8557
-8684
-8582
-8748
-8646
-8828
-8518
-8566
-8668
-8464
-8398
-8490
-8456
-8586
-8451
-8953
-8456
-8728
-8710
-8443
-8465
-8424
-8636
-8378
-8520
-8675
-8091
-8267
-8298
-8271
-8312
-8446
-8345
-8392
-8346
-8045
-8527
-8331
-8348
-8182
-8210
-8091
-8118
-8250
-8203
-8077
-8312
-8161
-7956
-7979
-8239
-8260
-8323
-8028
-8268
-8313
-8381
-8521
-8137
-8223
-8024
-8453
-8051
-8369
-8430
-8475
-7998
-8172
-8464
-8156
-8140
-8097
-8266
-8279
-7909
-8372
-8139
-8133
-8338
-8044
-8100
-7810
-8078
-8082
-8084
-7815
-8180
-7914
-8079
-7945
-7988
-7751
-8206
-8016
-8240
-7968
-7991
-8054
-8179
-8261
-8088
-7207
-8176
-8191
-8248
-7913
-7586
-8111
-7859
-8123
-8229
-8192
-7505
-7427
-7861
-8037
-7932
-7699
-8139
-8030
-7758
-7822
-8105
-7773
-7814
-8147
-7885
-7903
-7848
-8030
-7980
-7985
-7738
-7857
-7781
-7950
-7829
-7809
-7834
-7920
-7830
-7745
-7144
-7737
-7227
-7928
-7876
-7604
-7931
-7915
-7941
-7807
-7508
-8094
-7973
-7664
-7834
-7090
-8144
-7994
-7735
-7720
-7821
-7125
-7850
-7734
-7417
-7800
-8111
-7684
-7958
-7873
-7352
-7926
-7338
-7819
-7879
-7863
-7871
-7788
-8056
-7882
-7804
-8028
-7499
-6848
-7940
-7989
-7220
-7595
-7751
-7572
-7974
-7896
-8160
-7687
-6707
-7494
-7638
-7935
-7244
-7757
-7466
-7645
-8134
-7985
-8002
-7812
-7795
-8054
-7973
-7979
-7070
-7603
-7736
-7747
-7337
-7760
-7886
-7497
-8058
-7263
-6976
-7911
-7154
-7387
-7752
-7640
-7907
-7904
-8014
-7217
-7493
-7693
-6983
-6407
-7533
-7821
-7669
-8017
-7240
-7138
-7248
-7017
-7453
-5851
-7162
-6982
-7725
-7114
-7788
-7606
-7646
-7672
-7854
-7404
-7449
-7048
-6728
-7892
-7649
-7556
-7925
-7338
-7921
-7740
-6812
-7581
-7627
-7008
-7374
-7556
-6972
-7514
-6471
-6172
-7004
-6998
-6770
-7247
-6412
-7809
-7195
-7023
-6470
-7212
-5788
-6463
-7475
-6081
-7090
-7227
-6011
-6586
-7430
-8198
-7272
-6678
-6699
-6836
-7675
-6793
-7045
-7016
-7802
-7199
-6565
-6568
-6581
-6284
-7051
-7041
-7242
-6063
-5797
-6884
-7179
-5388
-5986
-5618
-7216
-6333
-7182
-7915
-5690
-7766
-5750
-6980
-7101
-6476
-5703
-6286
-7501
-6656
-6277
-5477
-6692
-4482
-4463
-5237
-6254
-6878
-6517
-6627
-6274
-6330
-6506
-5421
-5454
-6509
-7505
-7160
-7824
-5936
-6138
-6237
-5820
-4698
-4766
-7586
-6475
-4429
-5175
-4690
-6076
-6454
-6251
-4994
-6022
-5469
-6982
-6810
-5051
-5045
-5847
-5789
-5906
-6034
-6048
-4799
-5012
-4393
-6629
-6637
-4354
-4756
-4980
-6078
-5730
-5095
-6508
-5496
-6865
-6064
-5478
-4868
-5341
-5846
-4834
-3721
-5236
-6148
-4914
-5884
-4266
-4302
-5537
-4282
-5353
-4408
-5472
-5186
-4534
-5470
-4228
-5191
-5608
-5264
-5103
-4160
-3710
-4988
-4650
-5437
-5295
-4727
-5478
-4799
-4489
-3779
-4070
-4575
-4226
-4819
-5097
-5523
-4579
-4618
-3858
-4595
-5393
-4570
-4530
-4241
-4952
-5654
-4889
-4162
-3650
-3562
-3660
-4214
-5083
-5180
-4244
-5599
-4480
-4478
-3732
-2354
-3701
-4298
-3975
-5601
-4987
-4296
-3000
-4969
-2998
-4491
-4233
-4880
-3225
-4271
-4478
-3664
-3776
-4421
-4892
-3282
-3798
-4247
-3622
-5129
-5003
-4789
-3968
-2989
-3705
-3610
-2221
-3330
-3516
-2928
-3003
-4196
-3416
-3508
-4428
-2645
-3827
-3834
-4201
-4768
-4125
-4307
-2446
-3287
-4636
-3538
-5072
-1820
-5260
-2996
-4569
-3698
-5093
-2242
-2655
-5189
-3386
-3468
-4026
-2158
-4388
-2573
-5017
-3243
-3972
-4528
-1969
-3984
-2282
-2895
-2042
-2798
-4876
-3684
-1588
-1848
-5056
-3397
-2921
-3253
-2552
-2391
-996
-1710
-4705
-2677
-2040
-4871
-3508
-3702
-3490
-2508
-2642
-3159
-3275
-1882
-1576
-2829
-2248
-2998
-1443
-1407
-3448
-3651
-4054
-3501
-2318
-2375
-2072
-1593
-2217
-1304
-2769
-2439
-2255
-3303
-3381
-2511
-1928
-2166
-4025
-2662
-4066
-1233
-3159
-3008
-2971
-2897
-2409
-3503
-2207
-1445
-3741
-4258
-2876
-2906
-2897
-2425
-1677
-3292
-2539
-2560
-929
-3551
-3758
-3170
-4093
-2051
-2967
-1086
-2488
-2058
-2740
-2207
-471
-1608
-1300
-3145
-2836
-2654
-2979
-2261
-1651
-337
-3289
-1224
-730
-2776
-2236
-1889
-2061
-1783
-1954
-1224
-1579
-1230
-903
-1188
-2749
-3467
-1572
-2314
-2998
-1863
-1582
-449
-2105
-2828
-1051
-1761
-2824
-780
-2080
-1948
-407
-2420
-817
-2547
-2746
-1830
-891
-2718
-3920
-2816
-165
-2721
-2594
-1936
-2134
-287
-1466
-1049
-2331
-2732
-1466
-1098
-3201
-2432
-1990
-2274
-721
-1615
-1536
-2318
-2194
-497
-1059
-1509
-2494
-1451
-3433
-1952
-2817
-1299
-1906
-776
-3178
-1809
-2473
-3258
-2583
-1456
-508
-509
-485
-1587
-1342
-1919
-1172
-2291
-761
-1272
-1640
-2610
-2671
-1185
-1835
-676
-1861
-986
-1399
-356
-195
-1074
-2053
-1202
-1371
-221
-1185
-1653
-246
-1703
-2223
-1300
-1717
-1982
-684
-1880
-1987
-2450
-1546
-751
-1203
-1328
-2426
-389
-58
-2071
-1849
-2027
-1847
-996
-1623
-708
-38
-2178
-1321
-1795
-1420
-1649
-848
-1967
-1171
-1656
-1671
-1815
-1118
-188
-1067
-1500
-1877
-29
106
-2527
-779
-2854
-1325
-3453
-2271
-1621
-60
-863
-1220
-822
285
-622
-342
-1056
-692
226
-730
-142
-437
-91
-2079
-666
-2082
-753
-1596
-941
-680
-1212
-1278
-1714
-2832
-1664
-2284
-1997
-1125
-1065
-1075
-2376
-1083
168
-1729
-875
37
-1521
-24
-744
-41
-338
-1807
-488
-1256
-1491
347
-677
-1698
-378
-761
-22
-560
-517
-2439
-1116
-704
270
-1156
-1656
-1062
-1326
19
-1084
-3059
-474
-880
166
96
-362
-480
-18
-259
-1808
77
-772
-372
-1568
-2019
-1006
887
-688
-459
-1568
277
-377
-1634
-1173
-240
-482
176
-384
-482
-1234
6
-1151
186
64
-1094
-1121
269
-2374
12
-1127
-335
-435
-365
-868
-1007
175
-14
-786
-2056
-53
-1687
-921
-346
-591
-91
-167
1021
-1480
344
-181
122
-414
-590
-1452
-1748
-175
361
-13
292
-2548
506
-1391
-784
-623
-1294
-667
-989
-1603
-1820
-1752
-988
-868
363
109
-52
439
-924
-414
-283
-664
-1587
130
-96
8
781
-874
-1208
-544
-606
-502
263
334
256
-464
-918
-319
143
-992
-434
-979
-579
-1617
-950
-980
-808
-2008
-253
39
-698
-840
-438
-141
-352
-388
-281
1038
-1573
-1070
-383
-381
-1829
-490
184
-744
-358
-890
-1658
-544
206
184
50
-508
82
-18
-373
425
-547
-363
390
-869
-514
-303
142
1042
295
-1050
-771
-674
509
-973
84
1366
-1319
-245
-498
377
-199
-65
-1235
188
-950
103
-431
-365
-1489
-138
-1006
190
26
-290
-900
-164
-171
-1165
152
-64
832
452
316
-1275
-364
-508
44
137
230
-977
-12
-952
-67
-1653
458
620
-1275
-695
-1123
-150
-462
-584
-246
-840
357
317
1214
-290
-1090
1115
277
-757
-273
-1478
288
-130
298
1166
758
-1521
-754
-315
-353
-854
655
-824
493
-21
-388
420
502
510
579
107
69
-604
1174
824
928
397
472
102
-1189
-1463
142
1058
476
493
255
688
600
598
-183
230
-104
-391
771
378
235
344
560
-809
270
-49
403
1265
-828
-230
-352
-155
-132
570
-478
271
152
74
215
724
326
585
1099
1118
-739
217
999
-150
-746
116
-414
561
-260
-1677
-567
87
-312
-394
1244
439
-110
446
608
-172
241
266
297
-875
115
-904
-266
-806
443
-254
843
-466
-392
188
-164
355
94
-710
672
-1108
169
-745
-1187
765
-193
-597
608
-1346
31
-96
1120
1118
-473
513
322
871
-385
323
687
316
490
987
15
-354
887
-586
1298
77
1195
808
-58
-185
860
1290
426
1276
1396
375
1211
1153
1363
-237
62
1100
-1016
-13
525
201
750
624
1068
473
1282
641
-657
-422
46
302
588
-112
773
721
644
1223
-54
1345
185
74
112
290
486
-449
452
1035
736
79
616
557
-454
-31
-22
1006
-167
-151
235
658
909
-250
1469
938
-134
-572
449
-444
1125
1086
62
1658
600
386
-1368
1091
854
685
-616
1380
246
529
1301
-629
289
1717
205
396
1390
798
513
731
413
383
429
-31
766
966
1527
695
324
822
683
-894
1172
944
464
724
1324
-133
439
546
1046
51
1258
1563
1768
938
1168
673
575
1053
1315
-201
-7
233
1207
1146
-1292
533
851
1416
215
550
1144
189
305
869
-559
1370
1071
547
1269
2118
1016
1418
-202
1246
1135
591
624
1465
744
761
1572
365
863
1202
159
1106
1909
916
566
1409
395
594
1284
687
-207
1485
310
527
836
1503
539
68
1188
502
377
1139
-24
638
384
1091
1246
633
1180
1414
239
1321
-34
873
750
8
793
732
1325
-243
697
1331
1483
716
593
1440
1456
291
-4
1139
1445
1956
410
518
683
1136
1381
472
554
634
1253
508
1932
1964
881
-128
1513
768
-54
-569
-413
194
1838
422
1256
1727
1364
1322
1434
1791
903
1224
805
38
1312
712
821
1136
-388
1276
1124
1277
951
1028
1694
1098
1742
-262
628
746
730
82
1314
986
651
-177
734
1531
1307
1103
368
1604
1454
94
1555
1161
1369
831
634
683
180
1240
1068
1405
1433
758
794
1153
1608
1229
2357
-12
1159
1723
1239
1255
1144
1275
1292
1337
1239
1436
1421
1971
1296
865
172
1493
1012
1022
2319
1437
1188
825
932
683
-145
713
132
2065
1564
1390
1395
1475
1600
969
759
1857
1585
881
2008
1380
1940
2164
1241
1086
1500
337
1156
1285
1606
1304
533
1599
1283
710
833
1528
1761
664
1344
832
710
767
619
2025
-37
2706
1626
829
676
1699
1511
1571
1228
1339
2250
1349
1438
801
1165
2173
2048
1107
1273
253
913
1344
1960
1002
1186
833
881
642
821
2023
2051
1637
1138
1278
950
1976
1643
1284
1656
1555
880
809
2017
1765
1303
2531
3203
1016
1842
619
2409
1570
860
1458
2251
1738
502
1352
1159
1143
1782
1868
1461
1186
1108
2117
926
1249
672
838
1635
1521
1273
1568
1376
1158
1752
1717
2475
2686
1701
1619
915
968
840
839
2364
2857
1348
1936
668
2347
1863
1514
632
794
331
2072
1502
2542
2054
1200
1417
1375
984
1401
1731
1616
1380
1764
507
2170
1893
1412
1019
846
1312
1430
678
2822
2267
1666
1804
1862
1036
992
1419
1313
918
1347
1433
943
1333
1359
2062
1628
1968
875
1386
2531
2498
2796
1547
1379
1066
1747
2215
691
2040
2174
1512
1806
1726
1931
1550
643
1821
853
1273
2510
1703
2631
2800
2138
1641
1656
1108
1157
1822
1892
1375
2448
1131
1703
1590
2208
1443
1696
1222
1014
2189
2394
1480
1315
2188
1817
2072
2654
2051
1320
1657
1212
821
2048
1624
1340
2574
1639
2112
2213
2104
834
1589
1553
2106
2437
1900
1830
1628
2171
2245
1419
1462
2233
1676
1566
1073
1121
1717
1238
2635
2512
1545
2819
1591
1903
828
1040
1694
3323
1706
1887
2346
1606
1196
2919
847
1958
2052
898
2656
1762
2727
2355
1528
1633
1454
1501
1276
1723
1217
2271
1580
2124
2427
1489
435
1979
1829
1467
1449
2745
2167
982
2098
2336
1873
2299
2552
2593
2321
1323
1706
846
1718
2280
2676
3004
2753
2352
2097
1947
1943
1879
2405
2914
1761
3461
2201
1628
431
804
200
2601
2248
2037
1949
1762
1433
1946
3038
2117
2831
1656
2097
2341
1339
1946
2066
1420
1578
1105
1764
2567
2652
2588
1880
2060
2311
2673
1288
2062
2142
2782
1586
2363
1198
2560
2094
2708
2318
1994
894
1930
1914
2100
1917
2271
1562
2348
2840
2804
1735
1511
3212
2549
2127
1994
2531
1987
3324
2567
2745
1967
2575
1436
3424
2388
1527
2164
1672
3291
1831
2667
2706
2201
1899
2340
1879
2013
1846
2590
3401
1577
2050
2129
2301
2765
1283
2037
2638
2149
3299
2684
2694
2584
2364
3901
1850
3384
3388
1547
1982
2637
1555
1638
1622
2361
3557
2079
2086
2790
1646
2907
2536
1647
2896
1345
3318
1536
2297
3024
2459
3207
2365
2801
1857
1825
879
2758
2977
2440
2820
2834
2003
2524
1688
2715
2443
1417
2375
3908
1171
3358
2715
2835
3634
1758
2653
2970
3736
1853
1827
2270
2183
109
1861
2121
2605
1990
1015
2251
2165
2833
2351
2246
1585
1880
3298
3151
3070
3342
2629
3035
3193
2906
2911
2090
3858
3451
3550
2214
2610
2395
3202
3532
2599
2859
3465
2593
2469
3409
3193
1846
2823
2640
3638
3668
2720
1675
2727
3206
2367
3178
2836
2665
2635
2262
2762
2884
4265
1964
3343
2079
2349
3530
3929
3319
1988
3529
3366
2160
2370
3954
3464
3910
2553
2902
3116
3539
2218
3240
3586
2553
2463
2769
3338
3748
3365
3386
1148
3790
2304
2327
3606
2626
3572
1996
2313
2623
3360
2383
2895
2601
2635
2898
3959
2499
3615
2759
1839
3424
3378
3145
4109
2567
2736
3433
3277
2453
3275
3927
3320
3238
2633
3008
3971
3253
3432
3444
1900
3781
2972
2738
3468
2154
3439
2106
3448
4440
3014
3740
2918
4602
3280
4089
2000
2659
2738
2270
3653
1666
2259
3372
3138
2537
3948
2532
4253
2974
2843
3761
3230
2963
3416
2912
2088
3842
4788
3781
3351
3679
2294
2971
3080
2207
3866
3931
3236
2775
3237
3914
3502
3662
5054
1824
3853
3890
4158
3077
3762
2496
1638
4640
3131
2700
3660
2967
2402
3666
1038
3513
2270
3503
3279
4132
4656
3295
3226
3469
3306
3641
3799
2910
3285
2381
2186
3120
3998
2793
3951
2358
2570
3368
2983
3454
4624
3376
3245
3133
4264
4882
3069
2335
4120
3002
4612
2809
3547
3580
2391
1325
3447
3900
3125
3948
3014
2965
5323
3776
2734
2858
2295
3099
3873
1693
4542
3126
3048
4532
4862
3195
4639
2709
1892
3564
3645
3484
4019
3012
2511
2941
3690
3120
3372
3383
3277
4726
2644
3381
3652
2612
3533
2494
3353
3668
4600
2824
4335
1324
4089
5291
3336
3932
2244
4323
4759
3881
2974
3190
3029
4025
4188
2285
4837
3627
2753
3689
4312
5628
2887
4646
3514
4484
3611
4126
4729
2949
2710
4610
3063
3549
3488
3744
3404
2653
2482
3234
4164
2750
3272
2813
3149
3907
3613
4186
3816
4464
1229
2919
3575
4235
4362
3928
4744
3210
3264
4000
4512
5288
3401
4282
4941
4522
3824
4613
3496
4520
4716
5375
4141
2933
3462
3880
4062
3473
3628
3519
3897
3351
4401
4885
4737
4569
3442
2968
4326
4929
3913
3971
3317
6167
3697
3931
4241
3329
3659
3485
2915
3257
4196
5409
4972
4800
3032
3805
3041
4135
5222
3313
4865
3729
4280
5258
5010
5172
5880
3875
4735
4509
3879
3541
4926
3535
4851
3937
4107
4704
4092
3575
3634
3211
2843
4054
2980
4482
3550
4422
4010
3880
3149
3301
4880
3602
4616
3047
4516
3557
4373
6080
4947
4398
4400
5294
4440
3639
4757
4733
5040
4524
4163
3921
3308
4230
4210
4678
4005
4910
5362
4142
3910
4332
5048
2662
5153
3254
4759
5419
3856
3997
4079
4771
4573
3402
4297
5251
3714
3255
5017
4111
3851
3038
3792
4284
2346
2452
4112
4467
4139
6708
4429
4279
5078
6083
4874
5542
4000
2181
3519
3591
5064
4126
5267
5330
5905
2982
3130
4779
3475
4848
4603
5337
4903
3904
4005
5501
3739
5640
4523
4512
5283
3969
4222
5443
3577
4881
6068
4217
3743
3049
5431
3978
4652
4288
6507
2596
4254
5589
5577
4822
4528
5864
4699
3676
3713
4955
4942
4311
4776
5394
5596
3639
6496
3485
5128
4685
5374
2697
3765
5478
5316
4858
4854
5407
4277
6069
5776
6073
5375
5196
4772
6414
5213
6151
4403
4257
5269
3998
4751
5070
4249
4130
3340
5400
5731
2980
5134
4967
4353
4229
5915
4713
5449
5059
5066
6032
5240
7181
4710
3528
4147
4134
4204
4495
4246
5792
4681
4543
4654
4887
4447
4208
4089
5418
4592
4889
4212
4800
6511
5437
4814
5680
4909
5364
4725
3783
7289
4635
4919
4971
5813
4892
6727
6601
5394
5370
5632
4728
5045
4920
3591
5249
3776
5788
3801
4146
4905
4060
4720
5481
4688
6164
4366
5774
6022
3833
5744
5166
5975
3471
3787
7117
3009
4495
5910
6029
5141
4359
5651
4107
5406
4198
3886
4804
4538
5706
6500
5771
4809
5395
6355
6161
5232
4197
4040
4794
5321
5725
4504
4744
6647
6515
5153
4521
5542
3850
4928
5558
4705
5416
6536
4040
4685
5397
4691
4765
4612
6133
6837
5690
4651
4300
5544
5508
5786
5631
3348
5599
6639
6137
4961
5088
4997
6133
5413
6659
6620
5604
3643
4196
4011
6829
4339
4450
5399
4623
4534
5549
4935
5188
5721
4880
4512
6193
4856
6491
4945
4187
5829
6557
6617
3806
5057
4945
4848
4053
6065
6270
5074
4835
5351
5468
4860
4910
4781
4821
6198
4865
5498
5318
5519
5089
5598
4901
4448
5129
4771
5707
4854
6543
5510
4829
3964
6154
5922
4892
5562
4896
5586
5547
5600
5620
6715
5020
4614
4993
5549
5677
5423
6789
5283
4546
4934
5804
5593
5335
4089
5223
4877
5489
6915
5924
6557
6113
6044
6615
3524
5195
4988
4928
4965
5835
6717
6960
5411
4319
5903
6420
3956
5429
5496
6221
5074
6078
6520
5904
5666
5366
6364
6068
5444
5407
5580
6327
5456
3946
6230
6672
5005
5188
6152
6658
4371
4439
6900
3858
4319
6804
6044
5869
5561
6411
4843
4153
6293
6200
6241
6496
5799
5489
5662
5497
6773
4234
5086
5322
6310
6204
6146
3267
6647
6017
5230
5742
5596
5743
4224
4588
7404
6887
5507
6673
5398
4689
5642
6712
3532
4522
5003
5308
5913
5719
6915
6340
6856
7536
6872
5555
6737
5912
5726
7273
5287
5433
6029
5095
4489
5017
6525
5403
6080
6278
6276
4996
5641
5828
7486
5793
5442
5249
5390
5677
5251
5471
5145
5523
5004
6906
5719
6254
7296
4842
7398
5978
5001
5353
6821
5006
6765
5602
4537
4144
5536
6514
5908
5616
5695
6712
4652
5706
5567
6192
7387
6154
5470
4850
4295
5833
6220
5760
6059
6249
6382
7479
7300
6901
5656
7375
5598
6818
6231
4899
4875
4904
5123
6959
6435
4524
4802
5619
5198
5929
5495
6341
4042
5105
5457
6966
4213
5739
5079
7410
6365
6541
6660
4100
7375
5798
7047
7644
7429
6330
6010
5912
6655
6915
6680
6783
6980
6565
5505
5249
4555
5392
5591
5889
5155
6257
7256
6047
5539
5543
6152
6009
5630
5594
5530
6317
5790
6824
5301
4845
6155
5572
6780
5488
7474
6658
6170
5693
6337
6371
4247
6988
5713
4527
4430
4785
5801
6683
7074
7513
5989
7203
6702
6680
4982
5376
6217
6201
4338
5458
5959
7439
5841
5121
6824
6722
6324
6157
6740
4848
5489
6269
3983
5701
6613
5846
7224
5357
6368
5640
7552
6114
6248
6787
7141
5668
7633
5111
4638
8002
5129
5339
5080
7476
5590
5350
7819
8041
5862
7042
5559
5640
5179
5651
7524
7034
6111
6465
5582
6912
6874
6643
5774
4944
5776
5908
6829
5060
5157
5602
7157
4817
5826
5792
5523
6820
4587
5802
7296
6984
6781
7315
5607
5156
6021
6375
5308
6434
6309
6676
6996
7364
6764
6738
6845
6590
6243
5745
6446
4547
7366
6115
6204
5138
5703
5755
6949
6316
5795
4966
5779
6139
5585
5710
6915
5808
8160
5913
5746
7478
5173
6456
5930
7407
6930
5714
7435
6266
6117
6988
6312
3177
5293
5457
7043
5584
5694
6961
5741
6702
3449
6405
5820
6691
6225
5657
5182
7644
6555
6871
6291
6244
7411
7478
5998
5590
6081
7027
6404
6603
7282
7684
5643
6246
7030
6207
8037
8099
6769
5320
5873
4367
5810
6285
6301
6725
7385
6804
5193
7113
6920
7035
5768
6311
4111
5709
6973
7033
5919
6871
7438
5044
7118
7306
6172
7741
6822
5553
6078
6117
5248
5846
7169
7475
7031
7515
7115
6813
7037
7080
6112
6429
6781
6991
6372
8364
5831
6160
6978
4524
7502
6713
5865
7050
5862
6018
7582
6429
5735
5968
7014
5262
6863
6436
8137
5033
4728
8586
7467
6153
6731
8701
5515
6912
4834
5349
6690
6336
7919
5246
6352
7607
6670
4592
6326
6331
7505
6248
5541
5911
5461
5721
6273
7433
6963
7497
6289
6853
6122
5370
7370
6379
5708
6222
5663
4537
6922
6715
6371
5172
5750
5848
6972
7200
6753
5824
8105
4752
6999
7620
5891
7114
7630
6627
6708
7004
6980
7172
6359
6876
5613
6254
6332
6784
6847
6220
6670
7691
6265
6628
5602
6383
6281
6436
7922
6868
5795
6386
6805
7480
5842
7563
6342
5605
7107
6061
8111
5662
8154
7961
6305
7624
6325
7390
5810
7031
7479
6948
7098
6439
7305
5785
6868
6040
6946
6735
6295
6849
6836
5706
6520
5390
6374
7663
5429
6310
6339
6865
6938
7735
6343
6048
6922
6809
7711
5677
5282
6858
6251
5445
6428
6381
6887
7651
5263
7208
7115
7741
5950
6993
6892
7182
7012
7609
6042
6001
7090
5640
6462
7001
7713
7662
6434
5771
3855
6464
6611
5600
7190
7728
5979
7124
7514
6856
6537
6911
7586
7606
7052
5857
6489
4746
5392
7029
6491
7610
5845
7368
6472
6663
6403
8285
6940
6961
5798
7147
5899
4737
5947
4241
6803
4334
6625
6481
7770
7510
5765
6646
5302
6880
6972
6656
7081
6225
7170
7595
8621
6931
5242
6540
4757
8015
5677
6168
7994
7871
5911
7032
5809
7528
6635
5291
6194
6085
5882
6485
4044
7690
7585
7098
7159
6327
5790
7460
6133
6739
7260
4934
7179
6396
8226
6494
7380
5790
7389
7412
6190
8187
5876
5952
7646
5473
5795
5825
6698
5872
6415
6529
5347
5558
5210
7424
4589
6429
6934
6249
7536
6930
6971
5691
6767
7274
7615
6778
8072
7021
7287
5262
7129
6899
6438
6360
7444
7595
6875
6386
6405
6582
7152
6129
6255
5895
6776
8274
6456
6969
7591
5453
7531
5789
7004
6643
8120
4575
5411
4992
6169
7743
7671
6342
5326
8677
7392
7312
7431
6846
5948
5906
7656
5883
7025
5224
6426
7690
7935
6964
7649
7530
6937
6890
7101
7629
6533
7720
5867
5223
6990
4538
6577
6537
6417
7655
7160
6595
6499
7120
7102
6274
7485
7326
6927
8081
7631
5609
6096
7543
7456
7648
6299
6680
6287
5228
7350
6280
8099
8313
5251
7062
7572
7223
7011
6401
8439
7745
5749
7005
6857
7178
6269
6201
7143
7871
6100
8019
6324
7600
7293
7712
6014
7176
7525
6977
4707
5754
6223
8924
6255
7063
6840
7904
7145
6355
7550
7151
5115
5534
6066
7727
6954
5980
6767
7058
8422
6674
6428
7113
5830
8186
6829
5275
7166
7280
6156
7707
6301
7336
8211
5790
7522
7021
6740
7207
5847
5974
5301
6369
7624
6616
7004
5733
6803
6793
7565
7498
8368
7694
7767
7262
7511
7029
7541
7119
6822
7747
6147
6490
7258
6610
6147
7051
7024
8288
7050
9065
7374
5992
7005
6863
5916
5734
6289
7592
6363
7168
5771
6510
7726
7093
6333
6370
6962
7587
7529
7503
6967
7728
7147
7231
6557
6839
7006
7100
7779
7762
7077
7085
7622
7784
6715
7625
6312
6453
7752
7136
6671
7006
6499
7112
6606
6507
7307
7563
7259
6877
6933
7676
5527
8218
6253
6574
8179
6727
5853
7828
8918
7041
5790
6351
7837
6004
6642
7531
5694
6139
6213
7411
7724
8475
7034
8293
8340
7213
7207
7111
6986
6584
5328
7837
6480
6802
6419
6486
6527
8162
8109
8161
7168
7470
6685
6286
7558
6693
7703
7875
6530
8374
5722
5146
8031
7036
7668
7574
8055
8405
6824
7356
8082
7564
7810
7812
7137
6557
6541
6717
7193
7055
6295
7196
6483
7578
7674
6760
7299
7435
8248
7014
7330
7225
8342
7232
7602
7675
7634
6740
6907
7253
8347
7127
6677
7770
7002
6515
8106
7222
7832
7668
5497
8031
7738
6747
7108
6034
6896
6992
7118
8938
7441
6825
7195
5239
7834
6390
8225
7799
7092
7709
8051
8526
6660
7232
8803
7168
7594
6917
7649
7131
7283
7255
6749
7026
8977
7014
7315
6616
7333
7120
4424
7724
7089
7974
7705
7716
7387
4635
6012
8318
7569
7615
8114
7658
6455
6635
8383
7776
6963
6466
7727
6962
5910
7711
7757
6926
5492
8849
8213
8246
8092
8156
7146
7216
7741
7067
6001
7229
6273
6296
8753
7543
7407
5301
7937
6680
6708
7110
8160
8932
8691
7511
7666
6992
6560
7748
5890
8385
8876
8662
6172
7301
8742
7935
7339
6610
7527
8357
6016
7184
6461
7699
7252
7031
7738
6204
7243
6623
8331
8986
7004
8834
7882
8362
7693
7001
7042
7100
7043
8857
6172
8471
6456
5757
7807
6396
6359
7343
8469
7955
8078
6873
7707
6721
8086
8468
7010
6927
7228
7084
6099
7896
6877
8592
7262
6992
6341
8199
7916
8596
7704
7260
6420
6995
7777
6518
8517
7990
6409
6604
8300
7632
7749
6963
6973
6024
7814
6319
7541
8267
7261
7251
6734
7516
7167
6876
7674
6198
8319
7694
7628
8815
8829
7643
7265
7306
7309
7271
8322
7385
8232
6432
7096
6616
6844
8415
8313
7655
8189
7002
8913
6675
6937
7388
6561
7281
8193
8095
8259
7284
9006
6800
8277
7076
5386
7824
7501
7248
7295
5774
9110
6927
6395
8422
7691
8424
7546
7801
6499
7145
8363
6185
7756
5672
7859
8411
8447
7165
7681
7611
6676
7939
7029
7172
8239
7707
8838
7815
8315
6940
7353
6532
7775
7722
6539
8332
4347
7286
7656
8102
7863
7757
6953
7204
7171
6601
7111
8445
7540
7080
6733
7838
8350
7320
6608
8472
5434
8336
6520
6977
7808
8536
7406
7424
5772
8351
8209
7710
8244
7400
6788
7352
7097
6815
6699
6092
7717
8269
9065
9080
5605
8227
6635
7779
7697
7019
7849
7512
9161
7718
5503
7702
7462
7059
6728
6409
6724
8899
7155
7227
7286
7169
8254
7869
8123
6646
6551
8467
7687
6668
7788
8091
7895
7578
7766
7190
6713
7304
7218
8282
7174
7289
7785
5974
7699
8601
9095
8520
7661
7691
6643
7764
7752
8601
7979
7325
7147
8465
7291
8161
8412
7804
7653
7247
8456
6702
6571
8360
7297
7062
7268
5902
7197
6862
7226
6606
7737
8575
6272
7733
7694
9044
7482
7999
7484
7183
6568
7354
8506
7569
5977
6278
6572
7739
8176
7726
7407
6769
7322
8785
8151
8286
6887
7132
7786
7256
8288
8090
7311
7883
8295
7835
7052
8782
6766
6746
8364
7192
8025
6730
7283
7386
9083
6709
8311
8249
8097
8290
7419
7995
7649
7676
9141
8247
7298
7313
8564
7254
8281
7883
7759
8392
8487
6761
7351
7782
7886
7650
7951
9127
8586
7135
9002
9143
6828
8361
8309
7847
6657
6696
7353
8975
7337
8379
8488
7886
8973
7281
7248
7889
7396
8653
7298
8147
7505
6524
8633
5964
7769
8333
7073
7233
8347
8352
9155
7473
7922
8373
8057
7551
6641
7206
6503
6486
8975
7841
8250
7421
7040
7714
7963
5462
8270
7551
6959
8502
7772
9086
6771
7797
7330
7155
6063
7008
7154
7855
7117
8370
6253
5982
7168
7231
8527
8541
5892
7358
8494
7199
7126
8566
7867
7035
5894
8053
8917
6299
8523
7785
7302
7958
8551
7794
6970
7328
7272
7916
6693
7995
8806
7252
7357
6074
8433
7271
6617
8021
7894
7479
7658
6215
5925
7931
7028
7817
8048
8380
7794
7161
7028
7851
7375
7257
7279
6487
7087
8377
7106
8185
8411
7216
8431
7749
7891
7872
8574
8441
7225
8048
8540
7879
8072
7875
7765
8937
7783
8252
8470
6687
7818
7806
8496
8598
7845
7212
7028
7785
8802
7806
7482
7471
8444
8175
9149
8904
9098
7847
8292
7320
8858
9008
5944
7779
7854
8338
8475
7246
9042
6783
9270
6468
7170
8430
7789
8418
7137
7761
7735
9029
6849
7219
9100
7853
8420
7490
9053
6524
8242
7864
7661
8429
8155
7229
8899
8464
8287
6913
8298
9135
9002
7686
6185
8912
7937
7642
8070
8600
7101
7314
8243
8405
8021
7884
7698
7955
7399
8052
7907
7810
7260
8432
7690
6712
7054
8196
8368
8516
7178
9096
6740
7974
7744
8984
7702
8473
7448
8333
7669
7982
6604
6369
8972
6940
9141
8689
9172
6246
8679
7147
6563
7517
8217
8246
8599
8900
7722
7522
8428
7881
7269
6608
7547
7426
6735
8046
7026
6496
8664
8214
9068
8325
7236
8528
8319
8033
6808
7341
7891
8353
8489
9213
7498
7733
7312
7919
7953
8246
9319
7036
6811
7756
7123
8876
7461
9131
7213
8406
8322
9716
7925
7399
7874
8918
8195
8861
8555
8775
8570
9051
7810
6638
8060
7380
7879
8293
8941
6538
7180
7318
7740
8402
7817
7238
8521
9134
7120
7966
8986
7192
7802
7869
6729
8523
6780
8619
8920
8287
6212
6779
9057
7386
8016
7083
8383
7798
6019
7405
8511
7787
8575
9209
7466
8015
8081
8066
8842
8429
7847
8508
7500
7939
8530
8521
8781
7572
8464
7905
9013
7986
8126
8438
8463
8615
7434
8740
8507
8229
7218
6058
6841
7284
8499
7598
7302
7843
7688
7802
7410
7772
9017
7581
8170
8423
9085
7185
7998
7868
8449
8563
8093
9030
7657
7253
6136
8386
6899
6740
7391
9323
9160
7159
6838
7567
7784
7859
8549
7792
8546
6245
7328
6786
7406
5609
8061
7326
8509
7180
8335
7995
8916
8582
9181
8427
8360
5600
9191
8000
6570
8471
7310
9008
7895
8478
7912
7923
8725
7829
9118
8497
7528
8564
8356
7319
9702
7655
7931
6605
7731
7602
7938
7177
8655
8535
8298
8439
6631
9256
6708
7219
8643
7576
7852
8505
7440
8061
7628
7860
8008
7261
6645
8419
6878
9088
7726
8251
9018
7898
8387
7700
8503
8384
7317
8157
8701
8036
8480
8116
8063
8106
7958
8317
6699
8014
8639
8006
7971
9288
8469
8438
8507
9652
8779
8163
9259
9205
7450
9093
7427
8238
8972
7847
8176
8484
6679
8962
7811
8202
7849
7703
7893
8487
8014
7428
9120
8392
7762
7968
8954
7282
7385
10103
7126
6776
8453
9029
7507
7919
8515
7151
7484
8939
7329
8019
9213
8782
7828
6595
7564
8046
8063
9015
9059
8915
7612
8387
7191
7866
6220
7451
7898
7540
8211
8111
7998
7399
8126
9129
7203
7941
8882
7145
8875
8466
8708
7131
9019
8039
7341
8147
7463
7871
8363
8429
8626
6737
8235
7856
7740
8159
8372
9178
6607
8080
7829
6481
8772
8498
9153
8443
9102
8956
8412
8605
7168
8534
7978
8837
8321
8653
8665
8413
7366
8333
7270
8875
8186
7379
8471
7994
8431
7457
8651
9249
9027
9252
8123
9055
9024
8994
7418
8573
8069
7392
9087
7507
8643
8475
8591
8038
7460
7993
6062
9149
7907
8051
9134
6489
7312
8691
7935
8607
8661
7739
7910
7224
9543
8085
8415
8082
8364
7819
8026
7898
8089
9267
7180
9003
9359
7454
7990
6590
7695
8803
9688
8596
8528
8505
9443
8376
8066
8589
9189
8407
6006
8547
7857
7250
8484
8191
7845
8716
9192
8246
8446
7457
7989
9136
8514
7494
7866
7159
7523
8606
8746
7973
7023
8680
8881
7387
8749
9721
9118
9174
8147
8090
6897
8384
9205
7885
7374
8180
8401
7444
8581
6910
8621
7992
7197
8538
8143
8020
8018
7841
9355
7615
9133
8012
8319
7391
8792
7066
8724
7856
8422
7559
8798
7338
8396
6866
7919
8036
8835
8333
7971
8087
8145
8872
6974
7578
7908
8345
9021
9758
8688
7016
8478
8587
7477
7463
7685
8632
7217
8075
7986
7627
8254
8391
8692
9466
8363
9163
8445
7539
7329
8575
9496
9714
8511
8358
8522
6926
9116
9472
7247
8323
7438
9122
8063
8262
9077
7461
7976
6577
8192
7331
7647
7883
8571
7399
8523
8735
8682
9285
8828
8018
7436
8654
8595
9078
8120
7124
8583
9301
7877
6743
6705
8952
9091
7799
8325
6684
8640
7544
7738
8032
7872
9010
8392
8513
6766
8442
7901
7402
7960
8256
8602
9020
9845
7953
8912
8450
8281
8459
8172
7850
6758
8098
8092
8516
8152
8992
7941
7261
7828
7415
9176
8009
7482
7965
8017
8541
7791
7494
7652
7978
8429
7941
8040
9154
7587
9120
8201
8592
7757
8946
8866
8660
7956
6778
7955
8330
8919
8169
7468
8135
9113
8903
8711
8753
8398
8136
8437
8793
9575
8083
7030
8002
9012
7703
8763
7894
9374
8486
9278
8703
9219
7196
8156
8113
7888
6675
9428
8476
8477
7009
7979
8596
7917
7304
8245
8007
8635
9689
8056
8072
9117
7074
6934
7826
8768
8484
9858
6708
8401
7526
9108
8776
7543
9102
8552
8483
9670
9237
9912
8559
7162
9145
8156
8609
8243
9080
9362
8995
8472
7368
9178
8579
8488
8525
9120
9040
8320
8760
9027
8206
7779
7251
8114
9814
9178
7119
8494
7967
8494
7898
8696
8422
8479
8413
9332
8093
7291
8926
8530
8539
9122
8540
8779
9156
9164
8463
7555
9414
7954
8995
9577
8489
8727
8956
8781
8694
8050
7564
7557
9185
8104
7919
9238
7873
8429
9144
9024
8494
8930
9021
8896
8738
7797
7442
7934
9438
8639
8972
7836
8648
7239
7892
8254
9204
9060
8994
8995
9303
8691
8137
8078
9589
9088
9226
9298
7288
6893
8612
8545
8087
8061
8034
9240
8432
9374
9761
7476
8103
9164
7328
7456
8620
8369
7336
9721
7435
7999
9288
8431
9181
9024
8463
8114
9263
9300
9194
9066
8140
9073
7663
8437
9878
8626
9212
7570
7573
8604
6933
9799
8360
8426
7981
8784
6647
7942
7851
9304
8206
9198
8768
9351
9044
8770
8348
7936
7316
7518
7670
8041
9115
8196
7702
7879
8628
6627
8484
8780
8912
9216
8201
7759
7524
8278
9309
7280
7915
8656
8728
8489
7887
7599
7750
9132
9403
8207
8813
8509
7838
8456
8127
7915
7973
7780
8233
7879
9329
7629
7695
9183
8296
8677
7180
8232
8298
7906
8372
7260
7127
7963
7944
7268
8637
9883
9103
8507
9066
7953
7790
7506
8480
8618
8602
8659
9420
8711
7893
7694
7189
9331
9931
9046
8132
8812
8608
8991
9261
8090
8271
7468
8802
7348
9029
8648
8326
8079
7962
7851
8338
8396
5762
7499
9302
8724
8786
7430
8408
8502
8733
8692
8273
8886
9437
6825
8679
8605
8849
8433
9140
7709
8619
8108
8615
8431
6754
8153
8475
6943
9669
8154
6735
9170
8843
9105
9647
8170
8715
8653
7868
8606
8584
8283
7721
9280
9167
8596
8429
9085
8956
7782
8391
8122
8742
8356
8540
8006
7981
8750
8787
9203
7623
7996
8791
8373
8077
9168
8774
8616
8826
8660
7661
8938
8245
7446
8066
8839
9257
9408
8670
8296
9708
7536
9255
8070
7966
7684
9228
8381
9251
9157
7895
8596
8122
8706
9983
8640
9546
9151
9307
8573
8980
8793
8697
8312
8725
7838
8761
9912
7978
9766
7880
8095
9214
9181
8574
9750
8119
9195
9171
9167
7653
9231
8075
9300
8712
7989
9584
9000
8793
8412
7921
9700
8021
7807
7454
9463
9181
8977
8333
9348
10214
8786
9883
9496
10488
9395
7933
8544
9220
7385
8610
8592
8224
8471
8727
9901
9356
8688
8982
9375
9314
8496
8690
8635
9475
9211
8381
9799
9200
9344
8701
9332
7831
8616
8698
8279
8688
8534
8081
9064
7448
8640
8422
9282
7525
7989
8473
8640
9271
8295
7957
8529
8556
9227
8532
8432
8340
9777
9232
7933
8638
7945
8950
8168
8453
7782
7115
9776
8849
9019
8543
8523
9229
8379
8661
8208
9181
7577
9501
8672
7512
8083
8166
10284
7610
9206
7895
9770
9444
9176
9378
8666
9118
7917
7577
7353
8490
9258
9675
7762
9336
9201
8363
9294
8833
7459
10384
7556
7199
8739
8382
9101
8591
9265
9317
9836
9180
9610
8790
7959
10306
6842
8600
9151
8755
10023
8671
8161
8651
8704
8986
8144
8621
6991
8021
7451
8694
8651
8519
8871
9723
7777
7255
7483
8177
8557
9814
9545
9779
8466
8824
8319
8593
8526
8794
8535
7822
9438
8205
9150
9012
8778
8635
9168
8737
9187
9123
9096
10354
9634
8969
8259
9606
9229
9493
8522
8749
9685
8826
8112
8581
9772
8868
9258
10122
8781
9209
8557
9334
8654
8520
9145
8845
8622
7760
9741
9286
8950
8635
8409
8018
9155
9596
8647
8756
9307
9018
10642
9071
9290
7913
7426
9676
9756
9249
8651
7625
9350
8079
7746
9326
9319
8352
9033
9119
8222
9437
9114
8485
9174
8811
9355
8579
8224
9347
8575
8749
9787
9916
9864
9370
9668
9220
9362
9359
8293
9136
9459
8707
9181
8914
9399
9315
8489
7926
8987
9924
9285
8807
8746
9204
9333
8216
7580
8662
6807
6678
7172
8747
8551
7566
8469
9261
8008
8233
8137
8595
9325
9362
8916
8182
9810
8525
8891
7287
8555
8970
9327
8445
9286
9182
8795
8544
8171
8704
9272
7996
7650
8907
7849
10138
9018
10314
9973
9300
9708
9127
9113
8911
7935
9188
10384
9040
8141
8228
7932
9233
9197
8266
8086
8329
8136
8471
9132
9531
7905
9080
8546
9835
9134
8638
8700
9248
8355
9002
9360
8171
9141
8600
10236
8535
9259
8793
9718
9160
8234
7213
7918
8179
9159
9365
9164
9339
6829
9807
10081
8674
8959
9789
8897
9413
9783
9771
10080
8596
9825
8343
7403
8575
8473
10136
9743
8159
8785
7991
7147
9228
8719
8980
8023
9127
8608
8754
9103
8179
8606
9151
10333
9041
9963
9135
8145
7499
8284
7982
7745
7977
8580
8444
8124
8655
8759
7857
8729
9324
8838
9530
8891
8772
8407
9669
8166
8709
7253
10245
7516
10062
8611
7983
8727
8532
9728
9300
8627
7958
8659
9770
9457
7805
10002
8635
8564
8349
9349
9092
8656
9637
8240
8832
10029
10102
9343
8943
9272
8797
9598
8735
9477
9256
9291
8994
9848
8682
9099
9212
8829
8102
9153
8511
9388
9360
7280
9125
9142
9244
8886
9792
8337
8839
8752
9336
8015
9265
10130
7907
9936
9234
9251
8719
9462
7379
9926
6584
8165
8910
9236
7405
8771
9326
10281
8614
8145
7784
8944
8422
8638
9585
9196
10018
8448
9885
9218
9596
8993
9378
8882
8284
8734
8440
9258
9623
9713
9290
9221
9242
8191
8595
9608
8369
7426
10030
9292
7848
8389
8639
8613
8102
8037
8659
7481
9808
9772
8672
7983
9897
9617
10515
9663
9220
8105
8585
8877
9423
9819
8585
9795
9846
8672
10353
9321
8638
8804
9160
8661
8080
9297
8667
8049
9258
8631
9891
8106
8363
9178
8198
8587
8902
9902
8451
8749
9787
9847
9918
7712
9205
8842
9799
7542
8774
8065
9046
8809
9374
7437
8564
8657
9119
5933
8864
9102
8284
8678
8129
9819
9793
8530
8126
8824
9223
9206
9238
9551
9355
9091
9265
9416
8697
10183
9824
9901
9937
9901
6906
8591
9007
8012
8608
8660
8055
7536
9120
8914
7992
9265
7537
10047
9884
8653
7585
9955
10341
9703
8533
8889
9825
9237
9099
10008
8650
9382
8950
9410
8528
8826
8722
8165
7895
7878
9609
8746
9848
9229
9692
9251
10004
8693
9446
9414
9676
9839
8534
9477
10559
8861
8758
9385
9375
9299
8583
9558
9282
8976
9125
9058
8377
7950
8610
10329
9301
8626
9173
10141
8598
9931
9157
9167
9389
8811
9273
9309
8708
7935
9781
9787
9276
8897
8540
8754
7789
10103
9693
9924
9778
9021
9316
9610
8339
8385
9937
9634
9292
9202
9457
9424
8726
8816
8649
9911
8242
9299
9216
9333
9378
9515
9430
8606
10189
8493
8647
9056
8153
10264
8761
8961
8498
8972
9293
8861
9020
9796
8787
8300
10387
9408
9206
9865
9458
8151
8195
9309
8873
8297
8776
8763
8443
8710
8815
9162
8497
9800
9176
8652
8201
9826
8560
8657
8210
8472
10034
9390
9212
9827
8736
9731
9278
10023
8746
9558
9201
10205
8786
9172
8765
9520
8864
8809
9865
8855
8790
9168
9833
9122
9061
10015
10049
8878
9122
8519
8881
9030
8122
9213
8764
9705
10088
8245
9283
9239
7922
9318
9381
8825
9375
8679
8806
10130
9902
8725
9401
10420
8792
8550
9783
9565
8415
8838
8088
9554
8973
9319
10341
9364
9813
9821
8656
9295
9809
8808
9367
8458
9711
10480
9609
9285
8918
8256
9337
8832
8250
9996
10171
8875
9620
9997
8968
9521
9088
8393
8698
10542
9595
8893
8153
8707
9267
8635
9318
9438
9143
8399
8604
9228
9814
8966
8443
10698
9195
9373
10469
9213
9283
9311
9209
9571
9369
10529
9655
9203
10591
10029
9372
9358
9974
9198
8745
9937
8164
8245
10191
9824
8867
8357
7484
8192
8921
9823
9083
8702
10676
10039
7525
9294
8867
9434
7553
8943
9464
8492
8196
8236
8712
8828
9866
8915
8623
10457
8657
8736
10344
9178
9665
9955
9848
8617
9828
9809
9901
10050
10151
9792
9547
9155
9312
9372
8923
9156
9204
9829
9917
9487
10342
9836
9725
9327
10589
9025
9875
9155
10350
8749
10047
8636
8959
10679
10421
8185
7711
8302
9174
9593
9425
9474
9243
9221
8648
8366
8422
9914
10706
9200
9838
9433
9915
9952
8832
8723
9558
9832
8719
9104
8927
10067
8044
8050
9021
9968
9352
8701
9608
8799
7128
9544
9480
8171
9246
10658
8200
9798
9225
9342
9445
9431
8047
8738
9016
8726
9524
8141
9814
7789
9247
9287
8932
9969
9686
8674
9506
8821
9305
8136
9967
8366
10054
8729
9873
8808
9062
9197
9165
8867
10173
9855
6892
9730
7603
9109
9480
10042
8497
9369
8977
7584
8802
8498
8366
10034
9861
11564
9279
8732
9985
9744
7725
9898
8812
8809
8859
8764
9274
7681
8117
10587
9418
8818
9326
9045
10003
10236
7492
8564
8973
10153
9445
9513
9201
9392
10231
9209
8373
8945
9374
8563
9859
8657
9304
9363
8378
8683
9850
9376
9379
8743
9316
9735
8769
9816
10602
9320
10446
9057
10243
9869
8674
10041
9570
9369
9423
9019
10198
8868
10086
10735
9319
6514
11225
9344
10036
8529
9941
10046
7533
9367
9531
9590
8489
9867
10479
9204
10215
10145
10537
8011
9002
9402
8634
10086
8695
9808
9352
9638
9262
9121
8467
9734
8636
10378
9719
10449
9933
9529
9543
9730
9116
9976
8440
9412
8805
8564
10063
9354
8662
9505
9411
8893
9193
10023
9926
8667
10639
9535
8859
10533
9410
9059
10068
9251
9084
9279
9322
8719
10092
9527
11087
10627
8803
9465
9084
9850
9472
8035
9256
10022
9291
10052
8752
10712
9246
10030
8956
10417
8211
9499
8695
7616
9516
10398
8087
8624
10936
8223
9330
8786
7928
8812
9594
9522
9760
9940
9387
9274
9069
