-9178
-9180
-8962
-8627
-8932
-8635
-8627
-8473
-8463
-8183
-8058
-8345
-8593
-8056
-8058
-7698
-7818
-8016
-7758
-7776
-7762
-7650
-7980
-7889
-7585
-7728
-7944
-7117
-7870
-7981
-7770
-7911
-7872
-7778
-7843
-7667
-7743
-7238
-6893
-7751
-6904
-7565
-7516
-6879
-6976
-7289
-6397
-6824
-6776
-6008
-6394
-6473
-6903
-6714
-6444
-5785
-5974
-5762
-6400
-4514
-5047
-5879
-6959
-6651
-3966
-3725
-5145
-4407
-3786
-4724
-4630
-3987
-3614
-5162
-4189
-3024
-3936
-4277
-2733
-5061
-4131
-4332
-3844
-2179
-2578
-3126
-3751
-1865
-1939
-3227
-3007
-1884
-2478
-1742
-3619
-1819
-3696
-3084
-2004
-1690
-2651
-2482
-2172
-2272
-1016
-1086
-515
-1686
-198
-1345
-1043
-1201
-719
-957
-1125
-1446
-2174
-1240
-2088
-1088
-2954
-2383
-2030
-381
-560
-566
-86
-660
-910
1148
-419
-510
-1202
-1899
-575
-1132
-60
-111
-20
-236
88
90
-595
-568
-1287
603
638
-33
-1225
509
740
297
1156
-507
366
-564
283
645
153
883
379
295
746
1496
-34
743
-229
1026
807
1285
784
734
927
1297
-437
-66
347
849
637
-58
1413
860
674
1023
-161
-78
212
825
1257
1218
1435
1056
1511
1411
-373
1355
892
1715
1551
1440
1166
717
1533
1918
1191
870
1083
1789
1466
1248
1450
1323
80
1649
1011
2136
1290
1557
1487
1102
2223
1806
1722
1725
1552
1842
2413
1559
1535
1158
968
872
2680
2317
1653
1528
1800
1614
1744
1983
904
1651
2500
1581
1931
1657
2101
1814
2131
1965
2674
1723
800
1755
2178
1215
3766
2722
2003
3196
1927
1901
3000
2999
1687
2436
3791
2906
1950
1953
2446
2435
2969
3407
2577
2975
2903
1684
2889
2020
2069
3183
1913
2061
2959
2397
3507
3107
2931
1818
3448
3173
2402
2956
4168
2813
3782
3619
3501
4111
4854
2510
3983
1785
3279
5076
3594
2897
4377
3679
3965
2341
3435
2947
4664
3535
2923
3700
3692
4496
4185
3980
4400
3708
4069
4540
4973
5351
4352
4427
4329
3348
4807
3861
5914
3849
3938
4174
4011
5148
5060
4049
4905
4502
4649
3680
3013
5768
4836
4939
5130
5208
5788
4475
5256
4386
4672
5064
5446
3119
4000
5226
5437
4303
6847
4419
5586
6101
3705
5682
5430
4148
6424
6799
5237
4620
6752
5692
5561
5605
4390
5994
5092
6373
3883
4048
6372
5828
5665
6415
6485
6367
5195
5165
4983
4938
7667
6214
6445
4477
7183
6863
5705
6579
6016
5918
6378
5033
6970
5614
5253
5428
5377
6505
6230
5112
6775
5924
7644
6720
6425
5230
6614
6496
5786
6544
6318
6441
7014
6406
8195
7114
5195
6457
7506
4749
6878
6191
6966
7768
7181
5984
6989
5002
6733
6583
6190
7741
5914
7339
7156
5666
7643
7006
6553
6535
8025
4702
6523
5925
6918
7046
6416
6932
7718
6674
6529
8185
6515
8158
5899
6654
7161
6808
6150
6572
6571
6400
6324
6979
5372
5951
6330
5905
6532
5242
6158
7325
7608
5492
6027
5440
8192
7827
5554
6930
7312
6588
7797
5656
7833
6535
7892
7187
5421
6459
6329
7132
6220
6251
8311
7704
7538
7345
6167
6251
8418
7723
7429
7383
7155
6114
7142
7890
7956
7007
6577
7878
7020
7313
6893
7811
7745
6079
8876
6759
7851
5626
7956
6073
6465
6578
7843
7798
7660
6372
7594
6665
6041
6249
6974
6142
6741
6818
7279
8484
7335
8572
6067
7448
8299
7611
7492
6225
6195
8129
6747
7573
5528
6229
8092
7878
7705
7440
5567
6579
7226
8064
6856
8154
6917
7554
7423
7783
9157
7391
8707
6834
7401
7926
6938
8501
8180
7871
7952
7802
7410
6944
7382
6843
8673
6941
7090
8367
8504
6651
8543
6750
9225
7773
7277
8388
7601
6849
8264
8163
7647
8548
8664
8212
8200
5643
8382
7283
8107
8009
6980
6531
6937
6735
8231
7149
7426
8047
7561
8866
8450
8227
9183
6514
7374
7562
8558
8175
6996
8054
8519
7992
7629
7261
7633
8238
9182
8267
7466
6950
7321
8726
8877
7719
7506
8871
7732
8386
6461
8142
8175
8178
8276
7804
6599
7380
8047
7509
7645
8883
6782
8706
6667
8576
7187
7246
8001
8685
8105
8593
7404
8100
7436
7531
8000
7013
8471
6382
8596
8594
8120
8176
8112
8958
9072
7686
8738
8809
8869
7398
6099
8415
9231
7781
7004
8086
7493
7002
6427
8394
7637
7944
8012
7473
9448
7598
5124
8257
8291
8177
8177
8748
9461
8852
8688
8580
7150
8126
7848
7961
9434
6730
6900
8389
6503
7027
8211
8852
8624
8069
8615
7920
8422
8146
9336
6986
7485
9399
8863
9255
7723
7691
9025
8365
8661
7598
8847
8354
8908
8118
9570
8146
8812
8998
8318
9497
7299
8901
8739
8202
8059
7567
8137
8914
8688
8923
7393
8796
8764
8626
6232
8089
8316
8733
7146
7961
9465
7012
6375
8723
8133
7526
9445
8920
9393
9345
7633
7941
8406
8411
8759
9165
9504
7646
8861
8977
8424
7731
8627
8796
6329
8028
8976
8388
8512
7918
8017
8778
8942
7745
7708
8432
8373
8578
6983
9576
8692
8538
7719
7080
10118
8433
8139
8790
8741
10153
9406
9237
8295
8809
7080
8851
7265
7725
8235
8843
9688
9398
9639
8992
8856
8645
8836
9525
7900
7413
8939
8310
9611
8871
8271
8479
8323
9941
9506
9467
9282
9036
9974
7822
8449
7034
8645
9142
8960
9551
8839
9014
7759
8839
8471
9084
8377
8278
8531
9038
8891
9206
8366
8482
7909
9303
8446
8782
9313
9574
9227
10036
9364
8185
8920
9179
9068
8343
8339
10126
9300
8349
9475
9826
8613
9338
7942
7836
8388
9463
7548
8897
9596
9370
7546
7837
7747
8726
8919
8859
6779
9251
9539
9390
7917
8850
10050
8871
9704
10798
9412
8617
8338
8816
9665
9042
9409
9463
8105
8522
8586
9976
9219
8884
10045
9942
9095
7873
9565
7457
7055
8936
8536
9473
8797
10056
8628
9008
9750
10615
9672
8797
9747
9007
8393
7727
7462
9996
7993
8498
8602
9435
9022
9715
9541
10077
9710
8529
8418
9318
10013
8851
9110
8317
9470
9197
8882
11182
10080
8412
9589
8997
9051
9253
8923
9802
9372
9094
9919
7795
9717
8077
9556
8968
8275
8307
9079
10286
9567
10309
8927
9208
8748
9711
10285
8507
7817
9709
10090
7851
8938
8846
8288
9977
7850
9714
9954
9633
9629
8437
8905
8580
9647
9845
9585
9690
10004
9197
8374
8936
9116
9500
9498
8701
9621
9208
8516
8594
8364
9133
8787
8555
9737
10688
9797
9743
9533
9824
9026
8168
9590
10286
9576
8813
8966
8802
9501
9668
9711
10194
11481
10059
10055
10094
8005
7922
8682
9100
10140
10154
9194
9952
10226
9095
9658
9097
9607
8609
9943
9622
10263
9050
9591
7389
9635
9680
10567
8555
9623
9484
9863
8462
8919
9589
9680
9259
9385
10196
8714
8908
10288
9050
10432
9829
8845
9705
8985
8703
7784
10784
9931
9160
9828
10803
8983
9501
9835
10811
9719
8679
9807
9678
9207
9780
9081
8662
8258
10164
10475
8991
10021
11455
9248
10259
10192
10922
8402
9106
10079
9104
8842
9053
9314
9131
9544
8085
9173
10645
9338
10116
9310
9243
9444
9007
9594
11486
9843
9535
9588
8785
10318
8618
9077
10362
8235
8673
10316
10247
9633
10224
9591
8807
9819
8981
10846
9417
9326
8607
9224
8035
11204
9666
10456
9541
9250
9559
9262
10223
9220
9684
9787
9232
9622
9771
8662
10140
8397
9845
8517
10650
10190
9881
9839
9437
10515
10231
9341
8692
10987
9759
10379
8548
9947
9521
10212
9821
10079
10903
9825
10594
9015
10876
9092
7339
10287
10277
9624
10836
10170
9684
9247
9662
9624
10288
11439
10452
8695
9757
9796
10444
11014
11132
10300
9102
10204
10288
10461
10521
9577
9656
10314
8438
10314
10303
9635
9612
9777
9706
11034
10623
10855
9005
9266
9067
9954
8881
10381
9144
9607
8479
10302
9258
9679
10253
11391
9229
9673
10668
10181
9889
10405
9776
10180
10919
10659
10479
9118
10327
9637
10443
9697
9555
10316
10920
10366
10634
10360
9972
9482
10408
10930
9866
9882
11521
10269
10342
9091
10928
11174
10610
9764
10840
9950
9148
10191
10226
11966
10855
10089
9316
10531
10781
8276
8573
10699
10264
9738
10919
10690
9878
11095
11432
10685
10177
9487
11478
9173
10079
9784
10937
10368
9303
11488
10408
9204
9691
11220
10356
8419
12139
10391
9746
9733
10492
7669
9732
8856
10860
11460
10413
11369
10043
9784
10916
9255
10059
9810
10902
10946
10829
9188
10545
9236
10472
10267
9284
9801
9687
10217
12013
9799
10008
10787
9940
11156
10849
10764
10719
10418
9361
11092
10560
9531
8072
9145
11573
9638
10753
9639
9752
10467
10314
9373
9730
10339
9135
9933
11367
10456
10454
10366
9913
11252
10294
11000
11055
9167
10597
10039
10227
10308
10939
10868
11365
11035
9806
10446
11671
10136
10213
10320
10346
10479
10452
10922
10726
9805
9268
10469
10337
11431
11299
9280
10487
11313
10414
11541
10689
10916
10486
10870
10402
10418
11966
8791
11101
8871
10786
10932
9980
10392
12034
9766
10933
11061
9866
12163
11034
12087
10780
11990
10124
9808
11108
10455
11126
11791
10319
9786
11997
10709
9711
9355
10365
11836
11216
9536
10374
9895
9798
11067
11603
9123
10910
11436
10986
10434
11096
12209
10621
11535
11110
11685
10505
10397
10599
11175
10436
10437
11102
12284
11570
10478
10553
10597
12568
11074
10293
11984
10305
10619
10828
10170
10844
11522
11152
9885
11026
9028
12113
10501
10234
11185
10997
11472
10751
9352
11564
12642
11280
13163
9971
10675
10490
11570
11085
10525
10970
11053
11998
11635
10477
11498
10446
9423
12290
11202
11610
10609
10992
10493
10547
10229
9993
10652
12621
10314
9952
11073
12378
10494
11566
12093
11107
10516
10044
12341
9882
11011
10640
10792
10336
11747
11034
11055
10127
12208
12074
12167
11778
11048
11966
10640
12000
11443
10962
9318
9804
13378
10709
10931
9846
11196
12387
10979
11127
9288
9927
10930
10092
10560
11669
11089
10457
12534
11695
9717
11667
10562
10945
10434
11080
12022
10369
11860
10342
11622
10574
11110
9940
10461
11472
12211
10554
10609
13223
11510
11120
9871
10901
9993
10468
9474
11042
11408
11526
10696
12120
12094
11750
10864
13352
9955
11112
10971
9464
10849
11710
10486
11645
10954
11780
11721
10002
10890
10496
11143
11522
11512
11670
11158
12645
12224
10515
11208
10361
10994
11243
13451
12050
12022
10428
12788
12679
10668
9442
10475
12178
12292
12386
12167
10517
10516
11521
8983
12224
12649
11751
10080
12030
12212
11709
10574
11668
10395
12355
11729
10279
11564
11053
11541
11100
12244
11845
11731
11162
10497
10323
10473
9472
11608
12856
11684
11243
12902
12218
12139
12845
12130
12156
11103
10854
11732
11166
11766
11530
13008
9973
12818
11721
11048
11542
12256
12259
10667
11125
10443
12826
9999
12569
12826
8856
12885
11271
12187
11479
11699
11715
11231
12703
10137
10555
11719
12300
13314
12836
10459
11256
11609
10410
12184
13826
10520
11416
11774
12308
12764
12179
11004
11180
11740
13285
12531
11619
11980
10630
10593
12488
12111
11654
10266
10939
11148
11590
12125
11777
11859
11225
11909
12846
13002
12324
11599
10879
11688
9432
11053
11749
11985
12186
12842
11635
13481
11597
10685
10999
12832
11229
10663
12208
11062
12279
11256
12351
11612
10578
10967
11112
12187
11323
11659
11739
11105
10485
10903
11278
11029
11547
12802
9186
11621
11131
13344
9618
12170
12276
10635
12884
11634
12363
11124
11847
11094
13409
12255
12760
12178
10497
10638
12943
10584
12823
9387
11265
11225
11797
13276
12197
10431
11098
10599
12176
11300
13886
12127
11728
11185
12724
12094
8981
10101
12338
11857
12827
11816
10529
12217
12353
12746
10665
12264
10533
12832
11082
12323
12742
11611
11048
13507
10712
13518
11657
11579
10589
11168
11640
11702
11767
12415
13394
11594
13011
11755
12962
12936
12862
11359
10561
10324
11691
11612
11346
11077
12341
10225
11284
11693
11814
12171
13279
12325
11776
11119
11226
11771
12782
12289
12167
13954
12825
12480
10588
11237
9807
11816
11049
13422
9490
11591
12894
10807
11995
10439
12802
12390
11233
12225
11305
11834
11756
12242
13428
11210
14609
11446
12256
11677
12296
11131
14014
12463
11125
12910
11109
11420
13294
12757
11775
12916
11140
11090
12821
11241
11605
11335
12812
10654
13476
11614
10568
13333
12327
12816
12294
13417
12951
12431
12908
12944
11340
11123
13408
12218
12396
12673
12352
10833
11390
12347
11831
12845
10101
11579
10736
12900
12128
13334
12233
11394
11610
12387
10565
11821
12267
11830
11210
11755
12876
12281
11755
11424
11414
13956
11312
12274
12815
12900
11941
12962
13001
11263
13481
11923
12666
11463
11172
12868
11838
11749
11766
12133
12302
12374
11797
11825
11713
11169
11688
11228
12399
10627
11763
12412
12699
11905
11188
9466
11689
10629
12374
12884
13388
12297
11646
11254
12300
9326
12819
12826
13778
11286
10135
11158
11809
14499
11112
12214
11179
11068
12893
12349
12211
11711
11893
10194
12288
12331
13559
14095
11818
11785
11790
12926
13139
11266
11808
10154
11107
11830
13543
13576
11787
14568
12462
11798
11819
12922
11271
13424
11528
12847
11474
12114
11032
12844
11823
11660
12299
12355
12366
12409
12359
11181
12285
11541
11253
11921
11239
11907
11175
13974
11863
13376
12408
10606
11281
12863
12286
11681
14191
11905
12287
11831
13949
12995
11282
11752
12980
13113
11831
10461
11851
12240
11233
14099
11175
12232
11717
11778
11293
12901
12923
14185
12830
11180
13359
11837
11842
12389
14663
13453
12416
11162
12272
10711
12296
13435
12374
11815
11198
13986
12375
11873
12540
11858
12877
12376
12859
11878
12397
13351
10947
11292
11039
12316
11176
12306
12257
12425
10158
12433
12520
11917
12414
11455
11716
11877
12755
11924
11950
12356
11818
12762
12850
12384
12342
11868
12978
12857
12304
11804
10509
11187
14021
12831
11292
11805
12300
12391
13400
13361
14040
11829
11790
12304
10822
12126
13358
12755
13343
13606
11695
11278
13932
13998
12802
12301
11264
13529
13010
12231
12945
13896
13987
11808
11881
12266
12939
11217
12309
11781
11761
12399
13427
13443
12944
11110
12466
12307
12352
12337
12537
11824
12306
12878
11653
11709
12918
10723
13485
12998
13512
14530
12916
13356
13536
11247
11175
12365
12949
12390
11289
12908
12802
11240
11856
11907
11340
11802
12003
15218
12381
13441
13075
13415
11482
11399
14023
12329
11639
12981
12480
11839
12933
13006
10127
12880
11061
14643
12466
13485
11293
11265
13420
12348
11799
10424
13504
11757
10868
11178
10078
12396
13444
12911
12955
11899
10636
11951
12941
13043
13076
12967
12383
12949
12992
11767
12950
13442
12904
13974
11728
13101
12880
11835
13021
10180
12907
12412
13531
11912
11338
10829
12874
12450
12398
12964
14147
14144
12488
11675
12882
14748
13537
11296
12408
11290
11901
11105
11991
11352
12396
12460
10746
11727
13465
13545
12987
9942
13593
12395
12425
10885
13380
11808
12546
12017
11780
12470
12359
10661
11760
12324
11667
11805
12890
11405
12233
11867
12372
13090
11852
14073
12841
13009
12950
11738
14664
12418
12377
13067
12456
11972
13373
11738
11258
12292
13958
13449
10125
13040
11149
10173
14092
12869
12405
12821
12299
12933
13390
13546
13039
11064
11863
11196
12317
11391
12819
12390
11876
14091
11877
13578
12956
13046
11947
12525
13480
14129
12890
11806
13517
11780
12440
12412
11888
12390
11087
12548
11879
11307
12280
13578
12995
14084
12394
12872
10621
13568
11810
12751
12973
13441
12404
11801
13060
12824
12361
10670
11500
13555
13642
12873
12290
12410
11315
14199
13613
13049
13047
11597
11574
12914
13571
13641
12965
13010
11805
13030
14076
14569
12436
11868
11770
12941
12939
12963
12547
12326
12992
12989
12420
11308
11332
12475
13616
13412
13074
11919
12671
14603
13566
13559
13081
13041
13032
11334
14085
12372
11880
12949
12374
12935
12916
12376
13046
13927
12512
12514
12872
12527
14163
12517
12487
12838
11165
12808
11373
12932
12775
12400
12335
12325
12311
13637
11364
12849
11817
12425
11836
12873
12980
13573
12273
13631
11361
13442
12442
13440
10912
12452
12330
13070
14532
12506
13448
11838
13054
14153
11187
11367
12858
12401
12946
11903
12916
13651
13581
12395
12410
11830
12960
13057
14120
13572
12387
13534
12829
12874
12955
12269
12394
14062
12258
13425
12460
12490
14226
11854
14532
11958
12873
12908
12849
14097
13525
11278
11886
12914
12799
14015
12976
13510
12499
10853
12455
12416
12435
12355
13636
11794
11922
14055
14109
12973
14495
11820
14020
13102
13635
12920
13073
11191
13520
13469
12876
14686
11562
13015
12901
12855
12988
13002
13025
11942
14563
12410
12964
13528
12501
12415
12362
14056
12397
13552
13573
13620
12965
13562
12951
10753
12411
11642
11384
12920
11385
11874
12704
12950
11309
13454
11256
13366
13489
13897
11245
11389
13492
11610
12426
13007
12349
13157
12454
12977
12921
13463
13627
13519
11384
12986
13518
11853
12928
13023
11282
12262
13002
11228
12424
12471
12386
13547
12840
13454
12419
12945
13543
12199
13563
14689
12485
12390
10646
12469
13021
11957
12998
13513
13551
12382
12331
12412
13353
14289
12351
12476
11892
12410
11839
14735
11832
14159
13099
12941
12980
13000
12910
13036
14694
11921
13079
13510
13063
13462
11985
13648
12301
12244
14671
11347
11817
14576
12359
11428
12454
14069
12522
10282
13505
13059
13521
12913
12625
12398
13064
14151
13611
11169
13988
13540
12992
13029
14066
11807
14021
12801
13673
13261
13041
13484
12409
11403
12887
12862
11483
13626
12473
13588
14024
13457
13081
13455
10199
12952
13138
11293
13044
12962
11876
14676
11758
12490
12511
13564
14189
13623
11364
13665
13570
14072
12004
11918
13094
13553
10779
13976
11679
12480
14016
12859
14072
13499
12901
11911
12969
14662
13479
13527
13390
12960
13653
14109
12227
12384
13063
12339
12005
12445
12505
12450
13609
12431
13525
12341
12507
13152
14684
12527
13012
11841
14214
13545
12936
11848
13594
14053
12961
12014
11352
13972
11984
13435
11736
12353
13547
12451
12594
14220
13575
12425
14652
15217
13001
13059
13967
12260
12436
12320
12407
12418
14799
13978
13037
14253
12275
10758
14186
13398
13341
13545
12394
14016
12385
13788
12503
12977
14642
13397
13573
13032
11898
12962
14736
12411
12823
13507
12393
14153
14624
13429
14729
14673
14052
11800
12357
14039
13668
13663
13523
13586
13669
12418
13558
13588
11909
14099
13586
14775
14023
12892
11152
14031
12944
12493
13579
11966
12836
12477
12468
10744
14801
13625
13508
13670
12442
13010
12386
13092
13043
13628
13023
12462
12954
12512
14117
12908
13070
13574
12427
13073
14700
13116
11901
13447
13435
12477
12899
12797
13583
13068
12955
14121
14079
11325
12448
13589
11706
14150
13428
11860
11988
13646
11300
13388
13003
13634
11877
13017
11407
13393
13524
13152
14211
12358
13153
13399
11360
13607
14047
13617
14673
13508
13537
13504
12420
13028
10861
14051
12545
13113
11846
13017
12977
14647
14557
13996
12565
14229
12373
13628
14144
14758
14680
12336
12957
10271
13599
13494
11729
13084
12510
11724
12409
11969
12480
11989
14121
14633
11537
11484
13508
13107
13612
13014
12336
13521
11160
13010
14668
13081
14124
14238
14221
12424
13643
14074
13043
14133
13008
12427
14712
13607
12273
12624
13077
12906
14603
13541
13072
12973
12397
13695
13066
13073
13017
13097
14111
13589
11432
13099
13597
14732
14710
14662
13570
14680
11944
13675
13543
11859
11163
12362
14215
12353
12591
12403
14088
14759
14072
12506
11949
12445
13638
13644
14090
13030
13007
14339
11531
11896
14141
13061
13697
14233
12909
13533
12995
12444
13057
13048
12556
13504
13054
12433
12501
13040
13661
13045
12496
13611
12501
13993
12505
14696
13744
13166
15355
13611
11293
12924
14606
12943
12398
14100
14660
13660
12890
13679
12900
13062
14068
13130
12358
11356
11891
13019
12507
14279
13642
12478
13643
13014
12543
14173
14102
13623
12490
13578
11374
14809
13606
14215
13639
13142
13531
13526
10662
12404
14844
12442
12464
12429
14012
13668
13604
14228
13624
11870
13602
12441
14079
14571
13055
14009
13626
13437
14061
14833
13533
14157
12551
13161
13061
15168
12992
13054
13641
13097
14141
14108
13489
12436
12442
13493
14101
14672
12404
14093
12395
11949
12961
14073
14156
12438
13605
12299
14097
12574
14189
13003
13588
13032
13158
14749
14088
12501
13043
13048
12850
12419
13522
13476
13019
12420
12041
13759
12370
13523
14241
13675
13625
14111
14594
13248
14185
14767
13035
13518
14147
11906
15201
13133
14743
13138
12980
11302
11948
13029
13004
13643
14129
11898
12976
11949
13685
13571
12495
12971
14161
13682
13086
13089
12354
14779
14244
13645
10562
14223
12097
12464
13075
13639
12928
13588
14182
13621
12606
11999
13623
14705
12872
14143
12990
13508
14661
11999
13532
14688
13045
12514
12457
13089
13091
13622
15267
12572
13490
12954
13669
11858
12541
14760
13692
13052
13078
14709
14107
12930
13119
13721
12572
14211
13063
14700
13537
14782
11997
13089
12012
14676
14682
13755
14068
14173
11977
14676
14160
12355
13564
12453
14114
11913
13597
13990
13670
11896
13478
13054
12950
12559
15297
13609
12448
12573
12451
11291
12906
12533
14089
13576
12784
12982
12635
13119
13064
12980
13077
13531
11485
11461
14125
13582
13551
14122
13582
14232
12454
14186
14717
13169
13051
13756
13066
11805
13119
11313
14290
12513
13609
12470
11904
14222
13577
13120
13037
15148
12603
13009
14777
14170
13597
15228
13628
13608
11841
13221
14102
13581
11899
13146
13638
11610
13619
13738
11980
13704
14806
14028
13572
12105
15364
14791
13541
13696
12564
12017
12064
13026
12418
13605
12267
15318
13543
13719
12494
12471
13100
14667
13540
13041
13630
13672
14042
12970
13064
12929
14773
14817
14726
15263
14135
13702
13636
13764
13648
12484
12006
13650
14296
14134
13078
14718
12003
14177
13092
13649
11388
14235
11951
13026
13644
13594
13536
13051
14139
13114
14745
14125
13372
15298
14230
14638
14649
14715
13648
12375
12462
13630
12385
14214
14151
12970
14757
12481
12477
13011
14862
13497
12469
12952
15249
12922
12487
13623
13579
11266
14590
14216
13722
14130
13094
13599
13578
14096
12985
13658
14195
13597
13167
14181
13613
12477
12433
12521
14270
13059
13691
13653
13025
13639
11958
13068
12885
14276
13159
12625
12295
12456
10913
13667
11887
13140
13136
13591
13057
14214
13592
13122
13530
13646
11413
14228
11854
13101
13068
12466
13125
14693
13040
13088
14618
11382
13642
14096
13599
13634
13611
14150
14763
12400
13718
14287
12081
13143
12688
14062
14117
14204
12082
13616
12463
14202
13598
13023
14181
14229
13665
13581
14677
14716
11138
13124
14789
13759
13752
13579
14765
13149
14737
13707
14719
10971
13801
13086
13615
13659
13626
13614
12651
14097
13230
11997
13101
13642
13179
14116
13138
12423
13643
12550
14774
13702
13703
14802
14217
13091
13112
14055
13138
14154
13079
13072
14330
13751
10782
13164
13015
12529
14753
14182
12544
12439
14677
13028
13489
14167
13508
14101
12428
14736
14218
14725
13024
13670
15285
13161
12127
13109
13472
14234
12915
13077
13695
13610
12064
13709
12562
14226
13750
15427
12453
13112
12189
15243
13477
14868
14216
11982
15940
14874
13011
14122
13247
12119
14804
14155
13055
12939
14765
12349
14194
13196
10985
14235
13075
12456
15405
14283
13677
14078
13653
14682
13630
13583
15953
13191
12529
14711
15330
13208
13677
15352
14646
13729
12709
14246
13122
12999
13706
13595
13703
12471
14301
14168
14758
12496
13151
14344
15337
14097
13713
13089
15319
13126
12609
14774
13607
14130
14745
13727
13589
11382
13609
15975
13070
13773
13628
12968
13039
12517
14218
13585
12503
14139
12522
13611
13795
12980
13020
12620
13581
13120
12531
13831
12538
13033
12937
13591
13663
12984
13060
11431
14785
9679
13015
14905
12883
15343
13561
13615
14189
13770
13597
13630
13634
14302
14195
12580
14221
12509
13188
13074
13163
14708
13624
13661
13108
13560
13678
13010
15343
13529
13061
14149
14822
13016
13774
13020
14177
13145
11907
14757
14121
13600
13069
13074
13034
12623
14252
14768
14141
11997
15397
13150
14283
15414
14128
13712
15375
13618
13631
14626
13702
11899
13979
14347
13104
15820
13561
13728
12439
13663
15404
13702
14773
11980
12551
12560
14708
11420
14163
13018
10314
14266
14190
15227
13523
12494
12950
14268
12552
13062
15292
13127
14039
13138
13049
13670
13565
14172
14294
14120
14273
13227
12877
11236
13058
13091
13698
14161
14775
14175
14699
15252
14184
14817
14760
11991
12011
12390
14671
14261
14226
14178
14675
14778
12410
11425
13577
12483
13711
13695
13562
14217
14690
13537
15443
13234
13577
11444
11350
12994
14266
14154
11966
12545
13621
13607
12518
14127
14720
13100
13800
13679
13045
15377
12441
12404
12039
10769
13584
14690
14121
15253
12578
14125
12989
12505
13575
14801
14331
13600
11925
12909
14675
13764
13650
14764
14781
12404
14290
14154
13223
13109
13124
14863
12401
12613
13626
12632
14352
13595
13555
12529
14288
12511
14684
14229
13697
13591
12565
13084
13049
14186
11961
14688
13141
13607
15927
12926
14267
13037
14177
12033
14837
13094
13647
14168
13661
11894
12991
14701
11389
14780
12557
14733
14355
14141
14278
14829
14354
14227
13533
13664
13683
13601
13654
12532
13066
13720
14173
14658
13000
13617
12531
14253
15925
14224
14248
13128
14703
12524
15897
13107
14326
14204
12591
14644
14317
14705
14208
15334
14241
13645
13710
13722
13699
14664
15355
14270
12660
13084
11962
14185
13760
14773
12632
12600
13056
14262
13047
14810
14043
12515
14161
14680
12538
14297
13025
13110
13010
14285
13075
12522
14253
14797
11424
14218
14661
14845
15314
13045
14794
15288
13700
15290
13173
13089
13601
12012
14291
13083
12483
14078
11872
12522
14211
13623
11336
14235
14241
13593
12888
14674
12537
14156
12546
12531
14121
14150
14235
12584
13191
13561
14178
14221
13087
14273
12542
12531
13830
12430
11927
13100
15924
13523
13633
13006
13655
12956
14735
13006
13641
14179
14169
15365
11953
13679
12517
13070
13160
11844
14745
12692
13647
14094
13710
15370
14087
13613
14779
15387
13273
13730
11416
15267
13728
13111
13095
13709
13011
12507
13177
12707
12046
13708
13655
14254
13644
14757
13629
13632
13118
12504
15368
13584
13171
12500
13640
14164
15933
14709
13686
13728
14688
11977
14295
13672
14803
13054
14226
14213
13628
13281
13145
13111
13640
13093
14815
14175
13162
12420
13677
13696
14133
13690
14216
13685
13768
14078
14228
14794
13120
15892
14229
14761
14283
12475
12493
12637
13830
12580
14823
13142
13709
14205
11974
14784
15367
13599
11900
14793
14834
13835
13169
14226
13192
12058
12604
14227
12586
11382
14158
13577
13114
14797
11941
12551
15270
12741
11927
13805
14210
14778
13106
14244
14302
14171
13096
11349
13147
14199
14793
14875
13560
12971
13680
14795
14795
13642
14351
13494
12433
13733
12476
13773
13017
15289
15277
13639
11980
13713
13685
13135
11975
12616
13615
13760
12906
14210
14197
11453
13653
14816
14237
12598
14762
12396
13207
13058
12969
12462
14238
13108
15465
13085
11996
12475
12961
14219
11917
11882
13208
11931
12023
13094
14760
15937
14671
12640
12458
13473
14237
12515
14830
15389
14367
12516
12585
13627
15297
15328
13810
12485
12554
14755
13658
11962
13074
14765
13751
13200
14184
13095
15367
14847
13667
12688
15279
13546
11512
12480
14827
14316
15321
14815
14240
14280
14808
13998
13541
13695
15392
13109
13723
13031
14796
14175
14284
14208
12022
13483
14898
13203
14769
15256
13615
15841
13186
11372
12566
14746
14186
12372
13629
14268
13710
13006
12592
13078
13543
11929
13689
14281
14098
13156
10798
12692
12621
13046
13218
14850
12581
13667
14258
14201
14802
14324
14125
14148
14198
14757
13139
11852
14372
13542
13153
14295
13683
13670
13072
13055
14182
14834
13693
14704
12740
12120
14819
13143
14295
13661
12916
12406
14752
14653
12540
13017
14186
13807
14280
14790
13134
12992
13684
13752
13027
15731
14191
15909
14800
13654
13015
14788
13103
14128
12608
13702
12541
15354
14242
15338
13659
13291
14715
13706
13069
14226
14311
13057
14298
12568
14217
13685
13040
13189
14291
13643
11998
13169
14712
14172
12025
13119
14726
14248
12605
14295
13764
15887
15898
14257
14119
13622
13146
13152
13558
14865
14317
14167
14826
13647
14710
14309
13196
14233
14740
13727
14214
14769
14706
12086
14196
13014
14790
13755
13753
15278
12637
13235
12465
15367
13685
11959
16473
13173
14942
14322
15856
13707
14883
12684
14314
13642
13660
13154
13526
15918
12603
13176
14738
13730
14157
12548
14285
13131
14247
13696
13208
14205
13149
13688
13673
13052
13620
15371
14208
12518
14221
12458
15390
13658
14202
14181
13685
15347
11968
14166
14888
13121
13678
13791
13692
14069
14272
12575
14281
12625
15371
12050
11516
14227
13050
13061
14212
13755
12544
13034
12065
14185
13136
13203
14227
14265
12414
12073
15354
13257
13152
14813
14844
13138
14285
16522
15324
13598
14879
13673
14832
15884
14195
13535
13711
13658
13026
13563
14212
13189
14186
14303
14218
13161
13121
13784
13017
13059
12147
14886
13688
14766
14275
12628
14112
13679
14306
13592
14826
14788
14819
14767
15354
12628
12536
14692
13692
13451
13014
11531
14795
14898
14808
14184
14752
12536
15429
13688
13092
11475
14215
13109
14714
12588
15887
13607
16496
14813
15250
12533
14800
14209
13686
13680
13128
13646
14813
12471
13665
13010
13676
13197
15316
13673
13744
12606
14729
13718
15934
15961
14216
13688
13665
14319
14190
13072
12629
15339
13705
12535
12175
13317
15411
13774
13056
13132
13574
12010
12599
12047
11971
13827
13125
12442
14694
14253
14804
14224
13599
14226
13177
13005
13135
12521
15344
14235
14736
15328
14251
12599
13160
13150
13151
13674
13128
13669
13707
11482
12086
13710
13184
15326
14217
14826
12523
11540
14114
13653
13023
13618
14835
13251
11583
13668
14084
11919
14226
15927
14226
14773
14145
14146
13208
14133
12003
13633
14835
13049
13157
15903
13156
11372
11986
12629
15318
13627
14307
14803
13156
13238
15309
14233
13728
13226
14718
13276
14261
12654
12557
14681
14774
13645
14247
14779
14860
13667
14734
14795
13671
14278
14853
14187
13252
13203
15209
14189
15296
14314
13120
13185
13712
13150
13871
12556
12541
10990
14365
14312
15318
13146
13666
13045
14325
14237
13842
12553
14159
13698
14851
12514
14822
13640
14725
13142
13110
12543
14266
13686
13115
13760
14273
12672
13061
11902
14139
14137
14827
13107
14838
14197
14336
14846
12478
14827
13258
14317
13570
14304
13682
12629
13225
12504
14824
14189
14328
14295
13602
13743
13816
14266
13757
14798
14213
13038
14886
13667
14314
12439
14212
12585
14702
13720
14147
14817
13774
13104
14884
14233
14235
12041
12023
14232
12540
14825
15836
13187
14140
14830
13699
15224
13148
13691
14865
12507
14166
13662
14187
11422
13116
14719
14825
14167
13126
14740
12923
14143
14306
13658
12533
13711
14245
14894
13058
13614
13811
11931
11305
13701
14884
11398
13686
13667
13185
13687
12557
13103
13081
13115
14767
12619
13118
14205
13113
13708
14335
15471
13111
13004
14150
14280
14275
13737
13133
14281
13208
13606
14338
12608
13003
14227
11997
13740
13593
11574
14910
13573
13754
11998
12056
13094
12568
14755
13659
12124
13110
15414
14819
14322
15384
14240
13811
12587
13052
14850
14154
13743
13685
13172
13665
13647
13773
13183
14285
14807
13236
15388
14325
12529
15335
15355
14286
14228
14903
13153
11925
14350
15257
11836
13092
12577
13538
13706
15901
14264
14296
14208
14230
13095
12722
14757
13228
14306
13757
14215
15260
14823
13206
14331
13591
13151
13651
15355
12447
15301
15413
14287
13213
14205
14309
14895
13633
14838
12651
13164
14322
13779
13704
15354
12578
14828
13650
13074
13645
14251
13153
14725
14272
13696
14214
13729
14313
14797
13103
14900
12616
15977
12731
12559
15394
13746
15941
14874
12020
13152
13716
13697
14255
13157
13702
13243
13599
14833
12570
14359
12614
13148
14326
13771
13681
15392
13052
13211
14337
13707
14328
13726
15317
14276
13818
12590
14124
13187
14238
13695
13079
15922
14202
14263
14828
13770
13116
15475
12760
13152
14871
14835
12603
14100
13582
13764
14814
12535
14773
13165
14856
14318
13686
13690
13592
13604
14913
14760
14737
12730
11461
12502
15909
13195
13058
15363
14294
14814
13701
13213
14782
13720
13081
13199
13140
13064
14245
15817
14816
14123
15322
14299
14290
13748
15390
13193
14850
12609
12063
14281
14182
13141
15311
15403
13092
14285
14717
14232
13168
13063
15949
14219
13604
14245
13766
14880
13182
14190
13170
13154
14268
15276
15464
12607
13567
13182
12566
14189
13226
13704
14206
14719
16519
13163
14217
13154
13707
14150
14209
14309
14286
14221
13714
13776
13188
14174
14237
12591
14802
15422
14846
14315
11513
12645
13235
14200
13101
11948
13030
14716
13588
13630
14815
14304
12663
12655
14762
13148
13150
13241
13182
14233
15400
13284
14754
13545
13608
13771
12420
13695
11978
12416
13221
13676
15368
12108
13286
13693
14202
14874
13088
14832
14289
14221
14346
13587
14218
13736
13736
14847
14227
14933
14332
14186
15453
12605
14214
14866
14756
12626
13093
14701
14272
13725
14785
13676
13086
14865
14260
12607
11998
13732
14853
13728
13832
14333
14255
13619
13109
15305
14798
11501
13679
14869
13657
14215
14365
12603
14341
11549
14274
13865
11951
15333
13246
13163
14769
13189
13263
11351
14256
13223
13659
13759
12485
14799
14797
13687
11362
13716
13749
15375
14132
14914
13057
14849
13171
14808
12067
12697
14277
14235
13116
13729
15368
14770
15320
12644
12598
14228
12103
13729
13169
13757
14851
14690
15304
14220
13144
13043
13319
13615
13149
12686
13809
13751
13743
13772
11556
14389
13788
14831
13172
14406
12524
14332
13757
14221
14341
13730
12655
13554
13821
11895
14154
13764
13641
12021
14233
15404
14210
11951
13085
14311
14291
14317
13701
13857
13115
14870
14235
14806
14375
12040
14195
14307
14834
14385
12622
14715
12594
14896
13287
12642
13796
13113
14297
13781
14729
12652
14186
13715
13190
14235
13773
13193
11333
13757
13225
11988
14175
14213
14277
13108
13208
14284
14618
11046
14303
13701
14124
13227
15269
12969
13744
13707
15463
12042
14317
13741
14911
14224
14723
14314
15457
15448
12599
13802
12511
14211
11550
13629
12552
14387
13726
15322
15934
13105
15959
13737
14794
15367
13041
13196
14247
13798
12552
14282
14165
12681
15452
13120
13785
14228
15916
14796
12073
13718
15446
15446
14792
13704
12566
14237
14305
14139
12709
13795
13691
13182
14932
14834
13651
15380
14300
12713
14223
15431
14238
13803
15293
13718
15395
14839
13639
14359
15348
13660
13644
13242
14166
14838
14272
13763
13221
13094
14229
14166
12584
14816
14786
14364
13508
13626
13081
14269
15285
13159
12663
13159
14726
15415
14329
13643
13162
12497
13818
12578
14268
15410
14267
13715
13596
15286
14826
14229
15406
14907
14325
14811
13780
13769
12584
14745
13094
14196
14320
13732
13656
14247
14158
15401
15993
13782
14262
14217
14251
13672
12623
13762
13655
12496
14817
14772
14278
13680
13191
13575
14963
13263
14283
14281
13083
14353
15347
13028
14220
14259
13126
15334
14246
14880
14760
13172
14256
12039
14177
14296
13752
13177
12511
13743
12073
13679
12410
13292
13670
14783
15483
15373
13220
14269
14293
13064
12689
13132
14735
14807
13836
14268
13729
12585
14316
13672
15345
13809
12647
12085
13651
15427
13670
15387
13621
13161
13664
12573
15923
14369
14790
14267
13047
13127
14385
14193
12099
14823
13596
14917
12012
14900
13642
12708
13763
13150
12502
14791
13757
14292
12522
13688
13766
13801
14763
14211
14336
13159
13703
13673
14319
15423
15404
14265
15933
14794
14291
13207
13789
14291
14842
14830
13664
13775
12608
12582
14828
13751
14829
14814
13641
15313
13781
12659
14320
14839
14825
12533
14770
14298
13789
14264
13717
13809
13727
13735
13212
14224
13193
13648
13197
12005
14880
13657
14221
15416
13711
12590
14315
13063
13677
13175
15371
11478
15406
13028
14145
14280
12511
12583
13655
14767
14262
15890
14815
15914
14281
13095
15418
13743
14703
15409
13773
14756
14378
12583
12623
12560
13248
13767
14824
12053
13203
14105
14242
14885
13217
14787
13709
13099
14183
14281
14842
14198
14227
12041
15371
15407
12639
14238
13773
13075
15950
13614
12736
13191
13190
14749
14124
13696
13717
13722
13671
13709
13325
13838
14364
14880
13305
11639
14799
14296
12677
15919
14825
12547
13706
14311
13788
14334
11940
13071
13127
15322
12620
14663
13627
13660
15347
15468
12150
12036
14774
12107
12524
15352
14911
13627
14315
14333
14173
14232
13697
12690
14343
12061
14389
14158
13703
13086
13764
14223
12554
13120
15406
11581
14181
14297
13753
14319
14343
13199
14378
13804
14276
14285
14206
13662
14847
10299
13769
13618
12657
13705
15344
15354
14895
13754
13585
13686
13802
13735
13180
12614
13028
14942
14919
14349
14298
13018
15420
13637
12598
13101
14788
13111
13779
15983
12608
12533
13733
13528
11984
14268
15451
13048
13689
13147
13762
15932
13656
15391
12581
14272
15412
14143
13851
14904
14298
13736
13706
12708
13754
15950
14739
15361
13745
12157
14396
15450
14313
15360
12039
14308
13071
13598
14328
13601
14746
15354
13077
13672
12680
14292
13298
13177
14316
14869
13655
11498
13721
14944
14765
15920
13167
14250
14772
14232
12586
15343
13128
14327
13603
13802
16017
14838
14246
15382
14334
13711
13195
14256
13690
14286
14254
13024
14238
13809
14301
14327
12608
13649
15329
14255
14327
14818
12656
14136
13150
12590
13660
13183
13769
14178
14909
14262
15272
15324
13715
13714
14876
14282
13039
14792
14893
14787
14874
14322
15409
13715
15928
13712
14871
13682
14755
12694
14347
13789
14268
15977
13666
14808
13690
13157
14324
12584
14300
14870
15352
14120
13282
14226
13769
14872
14897
13784
15446
12647
14859
14147
14837
13008
14292
13725
14779
13637
14189
15356
12677
13782
13708
14841
15320
14876
12155
14309
14763
13057
12918
14305
13181
13154
13123
14813
14319
13703
14313
14380
14245
14759
13803
13634
13106
13142
14827
13785
13701
14816
14311
14738
14913
14809
15474
15970
13085
14213
14192
12550
13732
13727
14888
13135
14376
14220
13089
13135
12573
13036
14298
14233
15391
14900
13113
14886
14839
15873
14816
14920
14740
14263
13174
14266
13814
14262
14835
15387
13727
13762
14335
13121
14175
13675
14277
15412
14909
14284
14224
15366
14785
13605
14277
14798
14761
14762
14939
15399
14345
14267
13178
13758
13757
13652
13170
11964
12717
13238
13713
14294
13818
15361
13725
14304
12557
13245
14846
12595
15368
14312
14350
14898
11350
14805
15338
14858
13116
14861
12507
14917
14359
11993
13842
14191
14814
12660
14767
13816
13172
13654
12504
14387
14293
14833
14718
14197
13755
14214
12649
14716
15496
13243
13765
14779
14843
14764
13679
14326
14239
14173
13756
14292
12563
13671
13667
12494
14886
14233
15420
13136
13249
13717
15434
13632
14325
13164
14798
13754
14835
13220
14400
15399
12587
13154
14897
12658
14835
14830
13756
13684
13749
15886
15863
14351
14278
14339
14215
15365
12571
14231
14281
13089
13139
13758
14761
12042
15974
15347
14789
14288
14278
12493
14349
13712
14295
14317
13223
13219
13115
13616
14247
13139
15433
13233
13243
13745
12615
14790
13693
15355
14835
13738
14856
13085
12589
13697
12701
14289
13815
13114
13206
15399
14275
14229
14290
12552
13105
13638
12082
14239
14790
13547
13796
11954
14866
14919
12658
14242
14185
14207
13181
13744
16007
13660
14195
13684
14334
14296
15416
14320
14319
13181
14164
14897
12667
12135
13143
13099
14899
13002
13792
13658
14362
13218
14292
14282
13717
14838
13780
13667
14295
13711
13138
15426
13733
13732
14847
12637
14296
15458
14269
14249
14231
13718
15480
13651
14367
14286
13729
13674
13167
11470
14284
14879
13066
13651
14290
13133
14152
14828
13154
12559
13723
13688
15382
13728
13677
14275
14331
13675
14837
14260
14325
13300
13690
15348
13727
13117
13070
13776
15339
14262
14236
13202
12454
13706
13604
13163
13706
13739
13697
14299
12583
14280
12511
14798
12256
13626
13757
14279
13807
14868
13716
14386
13678
13204
12636
14858
12643
14758
14864
14812
10817
15380
13602
13255
14875
15407
13798
13752
14892
13779
13231
14349
13751
14743
13693
13671
15389
14888
14961
12677
14259
13110
13164
12616
12968
16513
12651
14861
14266
14328
13775
13779
14278
14296
14372
13708
14324
12567
15328
13263
13218
13653
14844
13639
13069
13744
13773
15981
12550
13677
13800
14910
14249
14327
14782
14207
14286
11527
13676
14386
14261
13247
15470
14780
15389
15401
12574
11573
13701
14300
14193
14324
13256
14339
15968
15469
15443
14311
13648
13190
14920
14230
13154
12633
11669
14850
13745
14844
13828
14704
12125
15442
14320
13745
12136
13234
14898
14150
14349
13703
13708
14757
13675
14331
13781
14197
13075
14804
14790
15969
14272
13597
14864
15397
14400
14293
12681
13650
14241
12654
13809
13712
15867
13139
11994
14879
14335
13034
14309
15418
13783
12623
14294
13695
13070
14246
13193
15371
13796
15371
14816
13788
14872
14907
13790
13711
14243
15401
13697
13159
14249
14289
14210
15960
14215
14841
13840
14851
13714
13698
13689
12619
13108
13760
13705
13725
13733
13770
13022
13131
12573
15394
14198
15990
14807
14293
13127
14326
14352
13721
12020
14299
15430
13701
13673
14869
13217
13184
12614
13742
14749
14282
14372
12544
14282
13696
14322
13076
14864
14371
14297
13618
14316
12806
15410
14198
13706
15430
13104
13728
14791
12607
14406
12391
13638
14855
13687
14824
14895
14308
13795
14323
15309
14249
15395
15460
15509
14200
14880
14265
14884
13085
13663
13100
13660
14913
15960
11967
13627
14862
13769
13779
13155
14844
13197
11951
13662
14743
13868
15418
13789
13180
13708
14874
14808
13631
15405
14203
12548
14320
13680
11932
14779
14263
13759
12585
14865
14359
14854
13668
14834
13743
14341
14200
16496
14839
14308
14930
13689
14277
14226
14901
14872
15395
14862
14864
13118
15388
14242
13801
15393
14776
14811
14256
14362
15445
14927
14803
13367
12664
13823
15435
14266
12582
14870
14275
14324
12579
14834
14843
14289
13266
15387
13734
14277
13060
14276
14853
12126
13273
14913
13075
13725
14913
14176
14857
15464
13782
11933
14835
13698
13151
14828
14863
13144
14820
14134
12728
13634
13610
14255
14803
13729
14102
13852
13763
14314
14826
14210
13209
15450
14404
13637
13258
13784
15949
14776
13063
13713
15434
13223
14254
14833
13847
14219
13068
13734
13802
14816
14202
14283
14362
14894
13146
14757
14326
14376
14310
14293
14889
13134
14321
14823
14262
14817
12518
15365
14892
15436
14286
15356
12658
15973
15351
13022
15379
14770
13063
14351
14327
13769
14776
14243
13613
14279
13710
13642
14309
13109
14887
14318
14854
13700
13781
14825
13226
13198
13803
13763
13729
15474
14289
13728
13725
13788
14374
13795
13678
13682
14816
13658
13771
14253
14293
14899
14784
14278
13258
14879
12546
13162
14347
13141
15396
14812
13165
13673
13189
14298
15372
15283
13626
13685
14220
13097
13658
13678
14893
14279
15380
13102
13753
14789
14850
14838
13770
11491
14258
14809
14289
13192
15423
15858
13185
14938
15479
13142
14350
15413
13811
13184
15430
14785
15347
12679
14259
13119
14305
14231
14969
13785
15431
12119
15472
14832
14850
12529
13703
14880
13833
14382
13661
13202
14825
13741
13753
13787
13725
15305
14230
14421
14301
15316
13190
14369
15418
15956
13147
12649
12008
14854
14245
13298
15354
13121
13221
14351
13083
15392
15439
13728
14833
13718
15421
14910
13040
15981
14303
14782
14861
14266
14238
14224
13151
14931
13694
12058
14291
14232
13845
14201
14840
14299
13624
14291
13295
14260
14280
