4993
4110
4715
3553
4644
3967
4039
3446
3563
2747
1726
4541
4019
5212
4544
4074
4536
3933
3990
2868
3995
4628
2812
4616
3610
2398
2775
3463
3454
4537
4577
2886
3395
4507
3934
4653
4010
5163
5083
3978
3428
2992
3378
1759
2816
2350
5142
3563
3982
4560
4697
3446
3467
4537
3476
3491
3488
4085
3923
3909
5043
3966
3390
5225
4592
4498
5235
3484
4005
5737
4698
3385
4036
4562
3947
4058
2904
3324
2795
3394
3466
2784
4690
3955
3996
2933
5756
4509
3304
5157
3337
4727
4070
4060
4641
4050
3463
3853
4033
3454
4048
4557
3461
4137
3445
3976
4083
5166
3384
6320
4005
4487
3392
5179
2878
4661
4094
4667
4056
4671
4585
5078
4042
4695
3513
3382
5204
4011
4042
3503
4582
3448
4071
3446
4493
4040
4150
4984
4086
4627
2856
5204
4036
5189
4079
5159
4586
4675
5214
3927
5133
3440
3603
5270
5760
4650
5159
4641
5207
3441
4143
4610
3982
4428
4511
5308
5222
5762
6272
3978
4241
4075
4575
3917
4005
4627
4560
4510
5680
4629
2932
3327
4042
3402
3345
4052
4071
4577
3478
4562
2924
3950
4498
4544
5752
5755
6299
4507
4099
4611
4545
4542
5165
4651
5090
5823
4035
4059
4004
3916
4088
5100
3968
4677
5174
4165
4545
5207
5258
4089
3469
3460
4705
4576
5120
2877
5127
5775
5274
4568
3550
4581
3980
4115
4076
4760
4084
5206
3294
4049
5071
4206
4061
5683
5205
4579
4158
3546
4118
4084
4074
4088
5224
4132
4026
4496
4049
3977
4609
5148
5238
4139
4681
5043
5152
4486
6316
4070
5242
5168
5704
4025
4485
3449
4519
5233
4137
4596
4552
5758
5163
3911
4129
4083
3536
5186
4114
2998
4537
5133
5213
4100
4589
4562
5080
4548
3461
4642
5721
3402
4117
3958
4677
4639
5220
4074
5123
4638
4655
4028
3997
4669
4062
3932
4648
4633
4598
3960
4130
5220
4023
4699
5704
6406
4522
5220
5133
4622
5197
3486
2921
4531
5044
5014
3421
6238
4615
5196
4119
4572
5163
5140
2913
5230
5113
4661
5747
4670
4703
4016
4505
5765
5174
4681
4599
4671
5094
4554
5065
4610
5107
6303
3417
6322
6223
6347
5656
3605
3394
4523
5760
4680
4550
5140
4020
4602
5198
3989
4138
4483
4583
4614
4663
4555
4721
5113
6324
3523
4048
3483
5110
4542
5164
4598
5668
5254
4013
5130
4493
6875
5110
4539
4643
3551
5636
5150
4701
5123
5807
3982
6246
4556
5734
5813
4709
4529
4683
3959
5193
5710
5231
5688
3933
5190
5153
4597
4050
4099
5668
5760
4583
4571
5166
5706
4606
4667
5206
2889
4717
4625
6143
4038
5059
4613
3979
6354
3994
5093
5090
3899
5164
5779
5207
4600
5770
4682
4505
5213
5200
4682
5640
3930
5720
4550
5651
4006
5228
5095
5647
4601
4105
4551
4049
5770
5202
4688
5112
2920
4629
5098
4148
4531
5196
5114
5204
5156
3964
4526
4000
5132
4125
5737
5281
4546
4516
5737
4684
5132
5795
5756
4541
4031
5579
5727
4011
4529
4573
4547
3491
4045
3962
6142
5207
5120
5180
5081
4619
4078
3489
5161
5156
5647
5791
4596
4596
4718
4678
3983
6283
5763
6259
5126
4104
5775
4619
4665
3411
4640
5657
4499
5179
5740
5103
4559
5174
5133
4708
4608
5635
5255
4626
5228
4542
5212
3986
6805
4665
4589
4120
3480
3992
5707
5140
4636
4204
4702
3519
4666
5700
4607
4498
4539
3502
3990
3526
4640
5116
4588
4681
5753
4948
3960
4667
3375
4540
5217
4080
4602
5242
4023
5132
5141
6397
5661
3940
5142
4541
4613
4148
4576
4500
4487
4598
5242
4661
3845
5675
4052
5111
5232
4081
5647
3948
4154
3401
4561
5183
6176
6274
4039
6234
5026
4572
4600
4044
5051
4701
4469
4064
4607
4652
5103
5073
5129
3431
4677
5193
5589
6272
4678
5111
3474
5129
4008
5774
5165
5088
4036
4686
4008
4678
4672
4011
5190
4666
4602
3513
5076
4635
3910
5200
4004
4559
5827
5204
5134
3463
5631
5686
4052
5687
6320
5143
4136
4600
5198
5099
5899
5770
5830
5073
4087
4717
4169
5025
5126
4087
5686
5194
4138
5686
6252
4542
5141
5183
5635
4553
4643
4121
4036
5108
4121
5661
5767
4542
5101
4027
4638
4583
5689
3990
5216
4016
5730
5127
5180
4690
4560
4623
3979
5633
4578
4630
5186
5247
4572
5172
5765
3961
4625
5226
4596
5106
5164
5847
5092
4634
4546
4631
5715
5762
5769
4043
5738
4417
2857
4004
6243
4057
4573
6279
5659
4055
4522
5188
6940
4579
4078
5781
4524
4101
5235
5274
3949
5830
5212
4571
4011
5052
4055
5254
6295
5772
5721
4616
4061
4682
5152
4019
4095
4572
5826
5000
5775
4544
4106
4091
4553
5707
5161
5203
3991
5136
5123
4660
4504
4570
6796
5667
5220
4004
4650
5671
4568
4642
5736
5174
4728
2938
5747
6335
4556
4600
4650
4452
5124
5201
5731
5700
5010
5779
5633
3335
3427
5754
5670
4629
4554
4589
4540
5112
4004
6256
5758
4096
5142
4008
4609
4498
4693
4605
4027
4533
5163
5134
4608
3901
5233
4624
5235
4116
4543
5685
4641
5165
3934
5162
4442
4545
4533
5084
3415
5203
5132
5259
6248
4593
5745
4582
6171
5101
3490
4723
4546
5186
4572
5647
5694
4697
5696
6362
4079
5145
5728
5123
5149
5732
5127
4624
4543
5165
4530
6342
5153
5179
4033
5140
4521
4002
6924
5050
5299
5766
6292
5791
4054
4644
4538
5074
5142
4083
4561
6291
5219
5200
5220
5167
4572
4604
5114
5229
5748
4617
4076
5753
5093
4691
4057
4495
5211
6869
5193
5099
5725
3950
5764
5215
5607
4536
4606
5693
5792
5703
6242
4527
4708
4766
5146
6280
5652
5779
5249
4037
4542
3963
4619
5705
5160
4696
4597
5630
5718
4597
4557
4606
5157
3361
5280
5765
5180
5669
5229
5153
5071
5186
4512
4065
4575
4650
5261
3571
5078
4576
4058
5222
4636
4601
3989
5678
6244
4495
4491
5694
4022
4199
5188
4590
5084
5816
4574
5187
5185
4586
4621
5103
5127
5153
5260
6309
6834
5655
4599
5109
5280
5198
4554
5079
5596
4617
5740
5663
5150
3971
4565
5175
4640
4528
5057
5181
5146
4539
4681
4722
4657
4609
4664
5248
4595
4031
4608
5162
4574
5759
5603
6287
5072
4067
6292
4101
4562
5189
4071
4647
4564
5812
3431
4517
4642
5245
4566
4611
4536
5152
5660
5213
5289
5758
3995
5179
3357
5202
5268
4520
5284
5774
5099
4509
4501
5698
5313
5792
6272
4063
4669
4589
4618
5202
7435
4146
4539
4557
5225
5781
5677
3935
5246
4554
5780
5856
4592
5233
4010
4591
4593
4652
4595
4608
5224
4668
5155
4129
3522
5167
4579
5113
5212
4592
5147
4514
3979
4535
4110
4025
5735
4584
5823
3994
5154
5091
4639
3538
4529
5125
3454
5209
4686
4709
3484
5687
5091
4608
5223
6244
4599
4985
5826
6251
4665
4625
5291
5131
5728
4613
4483
4471
5175
4474
6341
5219
4554
3456
5672
5293
4688
6302
6326
5115
4606
3589
5117
5778
4529
5049
5230
5095
5070
4620
4567
3975
5161
4691
5109
5723
5186
5120
5729
5092
4554
4641
4579
4612
3447
4616
4168
4567
4181
5739
5776
5121
4651
6878
4661
5145
2864
5724
5216
5127
4643
5172
3488
5728
5044
4660
5226
4593
5239
6300
5164
3899
6324
5130
5153
5702
3441
5152
5157
3944
5161
4014
4607
4447
6312
4566
4046
5065
4107
3532
5184
5174
6355
5288
4065
3942
5157
5718
3329
6346
4075
5822
5660
5153
5773
5782
4554
5153
5023
5764
4592
5161
5125
4546
4000
5590
5710
4606
4076
5210
6293
5736
4645
4520
5122
4628
5733
4696
4050
5203
4519
6781
5104
4629
5684
4690
5100
5150
4664
6333
5231
5121
5165
5712
5679
3321
5093
5717
4603
5155
6833
5773
5777
5241
4715
4622
5709
4624
4062
5673
4530
5191
4043
4538
5607
4100
4684
4525
5681
5129
5204
4169
6360
5146
4749
4719
5198
5093
5159
4519
4587
6375
5739
4611
3718
3576
5615
4568
4672
5205
4558
5113
5170
4604
3994
5104
5247
4604
5796
5147
6260
4073
3981
5253
5188
5732
4587
3988
5162
3897
4467
5255
5202
3983
4521
5272
5653
4029
6297
5734
5096
6304
4143
4047
4558
4510
4588
4664
5151
3524
5746
5713
5205
4647
4003
5138
5158
5643
4474
5154
5180
5081
4801
4499
5675
4569
5064
4677
4640
4047
6264
5069
4611
5717
4527
5782
4604
4626
4672
4560
5808
5119
4152
4713
5700
4728
4108
5672
5245
5729
5237
5658
5046
5109
5233
5014
4011
5241
4016
5031
5100
5774
5723
4599
4510
5748
3510
5187
3932
5232
6270
4558
4641
4487
6381
4487
5707
5183
4028
4042
5140
3925
4555
4483
4565
3416
5711
5745
5265
5844
5196
3885
5142
5111
5735
5631
5741
5165
6306
3985
4603
4003
4576
5200
4550
4639
5118
3472
4502
4463
5113
5102
5697
6897
4601
5234
5705
4796
5149
5212
5100
6218
4590
5749
5239
4631
5154
5109
5682
5082
4559
5235
4659
5171
6294
5713
5095
4588
4539
5224
4620
4130
5727
6320
5734
5784
5772
4566
5148
4003
3989
5685
4067
6207
4500
4672
5117
5253
4649
6241
5161
4097
3493
5865
5186
4072
5694
4530
5196
5189
5204
5693
5181
7473
4548
4620
5723
4604
5707
6188
5153
4511
4588
5725
5150
5773
4682
5743
5086
4052
4479
4548
4630
5687
5744
5643
5195
5721
5755
5191
6298
5803
4485
4624
5751
6209
6296
5733
5752
4042
5201
4630
5118
4545
5088
5190
5112
4062
4656
4665
4555
5705
3415
5177
4565
5690
5793
4555
5243
4574
5792
5050
5170
5716
5133
5189
5104
5282
5128
4587
5133
4660
5107
5151
5736
5131
4580
5734
6239
5047
6385
5177
3890
5725
5683
4603
4073
4593
5670
5130
5229
4539
5659
4538
3906
5179
5771
5691
5723
4033
5185
3981
5743
4639
5171
5061
5657
5735
4030
4522
5146
6307
5716
4565
5257
5752
5214
5249
4596
5219
4569
5234
5215
5159
5627
5708
5748
5163
4108
5693
5133
5126
4094
5231
4021
4046
6281
4698
5675
5146
5752
5178
5776
4575
4664
4528
5132
4668
4024
6308
6335
4545
5614
5745
5193
6276
5688
5828
5773
5698
4029
4675
5747
5732
5153
5674
5097
6246
5193
5802
5108
5178
5111
6297
5033
5197
4553
5213
4028
4463
4508
4592
4058
5168
5892
5159
5721
6301
5100
5205
5185
4569
5691
5167
5715
5746
5103
5682
5728
5738
4008
4095
5181
4153
4623
6411
5057
5764
4035
4623
5714
5703
4642
5679
6291
5114
5139
5814
5091
4664
6827
6204
6255
4613
5756
5783
5085
5633
5059
5722
6371
5698
5762
5147
5756
4608
5197
5672
5783
6250
5164
2929
6385
5624
5726
5792
5107
5084
5085
5133
5175
3910
4602
5620
6308
4590
5206
5265
5726
6278
5107
5672
4686
5763
4135
5200
4635
5084
5157
4546
5183
4454
4609
5090
3876
5121
4652
4553
4036
5082
5763
5249
4605
4709
5715
5149
4702
4616
4991
5704
5711
4017
5642
4652
4592
5788
5095
5265
4041
6310
5674
5062
5803
4682
5266
5220
4583
5143
5127
4551
5277
5166
6338
4530
5154
3989
5668
4059
5714
5126
5219
4059
5220
6378
5124
5567
5155
4675
6176
5122
3978
6311
5769
5212
5035
4159
5108
4632
5114
5064
5140
5693
4061
5079
5139
5134
4088
5710
5084
5158
4688
5178
5114
5796
3983
5826
4674
5173
5818
5019
4454
4558
4673
6249
4076
5175
5563
4150
6302
4592
5134
5203
5797
5137
4502
5027
5130
5665
4526
5169
4468
6921
5672
4557
6294
5225
6273
4617
5139
5736
4444
5150
4621
4668
7431
4027
4469
5733
4549
5738
5165
5763
4067
4575
5101
5158
5165
5021
4657
3974
5118
5135
5705
5133
4725
5132
6298
4615
6952
5831
6192
5098
4048
4666
5150
4631
6785
3979
4469
6253
5705
4046
4775
3961
5125
6768
5822
6294
6292
5061
4622
6398
5307
5001
4671
5663
4028
5727
4608
6354
5219
5111
5082
6271
5167
6301
5780
4562
4581
3971
5082
3409
3954
6841
4600
4475
5051
6292
5681
4711
5769
5223
5219
6870
3871
4518
4605
5203
5106
4538
4446
5745
4015
6292
5744
4022
3872
6264
5073
5756
4036
5707
5200
4505
4658
6214
5779
4605
5061
5646
5696
4592
5150
5165
5762
5199
5159
6753
4575
5647
5033
5199
5117
4646
6244
4057
5032
5701
5199
4606
4574
5081
5854
4044
5847
5838
5105
6306
4652
5254
5765
6333
4606
5209
5199
4524
5066
5080
5688
4582
4634
5099
6312
4621
5678
4578
5060
4595
3871
5669
5042
4511
5620
5207
5822
5099
3987
5646
6291
5225
4055
3947
5057
4649
5163
4667
5212
4104
5735
4089
5263
4561
6304
5697
5082
4635
5738
6252
4624
4623
5174
5199
5781
3981
4577
4041
4639
5223
4471
5765
5727
3980
4675
5759
5209
5735
5781
4644
4605
5780
4755
4608
5125
5214
5149
4661
5223
6266
4498
5663
5735
6231
4559
6267
5163
5155
4534
5203
5162
4617
4522
5604
5130
5125
5085
5759
5748
4595
5183
5210
5710
5167
3963
4558
4970
5643
5178
4683
5043
5708
4733
5670
5769
6267
4676
4539
5191
4593
4640
6409
5160
5716
5136
5703
5794
5714
5131
3936
4581
5252
4065
5703
5738
5204
4651
6869
5171
5757
4388
4496
5223
4562
4760
5149
5182
3994
4606
4590
5148
5159
4617
5177
4650
5271
6337
5090
5132
5269
5134
5671
5231
4567
5215
5214
4497
5166
5730
5103
5748
4051
5818
4620
5192
4511
6326
6318
5182
6204
6826
5091
5213
5011
5102
4071
4610
3968
4590
6228
5772
5262
6270
5186
4700
5595
5148
4098
5172
6318
5240
5722
4514
6794
5723
6200
6245
5654
6868
4024
4615
4549
6911
4613
4055
5259
5192
5732
5226
5265
4680
4567
4585
4439
5783
4639
5327
3928
4035
5127
5186
5717
5069
5115
5079
5640
5765
5733
4677
5707
5104
5285
4568
4572
5175
4620
3458
5237
5181
5146
5679
4679
4070
5635
5775
6194
5112
5079
4620
5629
5205
5720
3940
4490
5690
2754
4567
6241
5175
5809
6311
4512
5706
3976
5846
4557
5119
4601
5225
6269
5781
3489
4552
4676
5229
5707
4028
5762
3372
4030
5633
5750
5652
4609
5728
4531
5085
4127
6780
5771
5619
6241
5246
5075
5715
5100
5785
5289
5193
3974
5148
4623
5093
5078
5133
5139
4620
5155
5105
5112
5680
5240
5733
4664
3972
5014
4550
5290
5200
5729
4009
4498
5763
5757
4563
5672
5037
4746
5137
4098
5690
5164
4602
5169
4654
5181
4591
6282
6269
5687
4537
5210
5258
3451
5111
4662
4565
5071
5769
5251
4572
5690
5779
6260
4569
5158
5149
6307
5184
5679
5146
5234
5734
6272
5200
5695
5128
5805
3927
5821
5218
6286
5176
4655
5028
5749
5213
4676
4504
6297
6212
5807
5819
4633
5793
4509
4512
5132
5773
4623
3370
5715
3515
5162
5096
4566
4651
5675
4549
5114
5095
5119
5239
5236
4159
6284
5763
5695
5717
5754
5710
5034
4613
5111
5812
5734
5082
4533
4529
5665
4676
3946
4566
5678
5140
5188
4765
6268
5249
5139
6235
4589
4564
4557
5696
5176
4687
5043
4653
5259
4578
4644
4627
5768
4702
6877
5678
4704
6320
4637
6339
4717
5825
4510
4630
4634
5161
5266
4619
5797
5172
4547
5045
5228
5101
5232
4080
4014
5780
4660
6292
6286
5709
5702
5705
5177
4690
4618
3904
5266
5149
5165
5781
4663
5239
6257
5218
6361
4514
6317
4614
7460
4636
3436
3379
4034
4563
6366
4693
5117
4612
3994
4612
5698
5749
5724
4681
4527
6867
5123
5184
6296
5759
4699
4476
4727
3918
5139
5189
4716
6870
5718
5313
4501
5700
5175
5104
6298
3958
5228
5258
4644
5134
5203
5807
4599
4417
4604
4659
5162
4550
5757
5780
4633
4628
5170
4047
4641
4137
5800
5203
4530
4541
5716
5740
5792
4607
3900
4994
5217
5708
5022
5787
5274
5730
6880
5167
5686
4610
5776
6337
6360
3988
5820
5734
5122
5046
4034
5085
5232
6271
5740
6249
5876
5768
5060
5730
5751
5696
5167
4597
5089
5103
6927
6824
3961
4771
6345
5056
5188
4694
5105
5180
4506
4573
3418
4610
6244
5656
5168
5152
4566
4551
4141
5158
5151
5778
6316
5632
5162
5587
5106
6256
5193
4541
5676
5728
4079
5152
5143
4548
4144
6337
3931
5725
6817
5205
5702
5772
5172
4532
4095
5707
5163
4543
3877
5599
5666
5174
5822
6275
5272
4712
5731
5801
5780
5715
5686
6327
5740
5644
5754
4144
5561
5755
5154
5641
5109
4573
4601
5753
5776
4545
4605
4059
5748
5764
4518
5182
4029
5704
4563
5137
5673
5628
4569
5047
3904
6259
5073
5684
5155
5153
5064
3907
5153
5187
5139
4501
5745
4589
6205
4534
4605
4490
5652
5198
5259
5153
4062
4644
5263
3992
5123
5728
5214
5681
4645
4964
4096
4546
5618
6829
4562
5784
6903
4090
5622
5170
5063
4759
5213
5102
4157
5096
5198
5313
4589
4560
4075
4617
5684
6837
5834
5767
4545
5116
4626
4061
4591
5108
4493
4537
4571
5858
5167
5134
6313
4578
5023
4542
4491
5697
6843
4528
5621
5775
5692
5192
4697
3378
5807
6326
4477
5203
5194
4722
5693
5175
5150
4564
5032
5680
4558
5739
3994
4505
3951
5183
5007
4119
5142
2813
6310
4541
5174
4618
4597
4638
5775
5683
4055
5133
4555
6307
6292
5135
5092
4628
4019
5696
4636
5185
5700
5236
4537
5264
5799
4090
7401
4603
5172
6270
5659
5177
4641
4082
4120
4599
5714
5226
6259
4036
5792
5199
4526
5736
5740
5731
6879
5151
4436
4648
3927
6830
4618
6378
4645
5088
4655
5189
5785
4068
5028
5126
5702
4737
6338
5209
5698
4567
5213
5280
5220
3035
4610
3975
4617
4524
6255
4012
4545
4633
5757
4618
5140
5108
5672
4647
5150
5161
5091
5104
6304
5670
3948
5162
5051
5754
5260
5253
4617
4622
5131
6862
5209
5630
4549
6178
5775
4447
6250
5113
6306
4507
5287
5169
4764
4660
5047
4521
5723
4582
5114
4588
3409
5729
4607
6297
5707
3861
5774
4580
5061
4097
5791
4599
5152
5198
5707
4663
3962
4656
4614
5719
5763
5763
5249
5138
5200
4538
5721
6300
5715
4040
3966
4091
5191
4680
6339
4064
4608
5144
4539
6396
5099
3484
4634
6239
4603
5148
6325
5180
5089
4694
5184
6349
4599
5123
4551
4657
5791
4578
5066
5568
5690
5216
5812
5655
4555
5701
4508
5120
5605
5126
5223
5120
4649
4591
4571
5679
5700
5719
5697
4465
5783
4641
6194
4578
5854
5839
4510
5769
6370
4654
4610
4080
6223
4461
4489
5161
4010
5816
5792
5688
5777
4033
5709
6283
5748
6200
4569
4627
3958
5171
5748
4590
6277
4655
4655
5171
5222
5193
4522
5753
5166
5110
4646
5646
4455
5143
4653
5197
5061
5697
5161
5760
4541
4589
5181
5739
5686
5220
4638
5053
4585
5715
5052
4504
3979
5158
5753
5763
5682
5222
5187
5671
5152
5161
4650
5180
4593
5181
4549
5294
4630
5242
5184
5634
6103
5000
5258
4014
5153
3909
3486
5235
5189
6295
5687
3983
5211
5190
5657
6328
4729
4119
5618
4588
4505
5731
4620
4590
6348
5131
5247
5246
4579
5159
5780
5755
5803
6296
5010
5054
2880
5083
6226
5831
4708
5814
4673
5740
5137
5190
4634
5033
5189
5126
5101
6341
5192
5154
4070
5183
5639
5184
5736
5760
4092
5108
5222
5090
4591
5090
5688
5118
5135
4031
3929
5198
5143
5790
5124
4688
6273
4593
5063
5204
4562
5143
6234
5809
6242
5205
4666
5177
5170
5781
5203
5771
5198
5706
5671
5209
4591
4068
4456
5752
4681
5170
4575
5202
5038
4643
3994
5197
5170
5181
5697
5793
5119
5208
6192
5112
5685
4548
5090
3495
2942
5689
3975
4043
4443
5688
5191
6331
5185
4604
3511
4573
4620
5750
5689
4641
4524
5704
4583
5752
5234
3923
3977
4557
5166
5141
5217
4516
5151
5146
4127
4540
6330
4550
5742
5647
5129
4566
4588
5128
4564
6304
5740
5673
5781
5647
5740
4587
5190
5226
5165
5104
6343
6321
5649
6353
6826
5146
4529
6270
4505
6320
5669
5216
6326
5789
5188
5774
5769
5683
6285
6330
4049
4585
4608
4548
5713
5730
5711
5096
5168
4780
5083
5662
5682
4106
5578
5760
5736
5793
4520
5143
5199
5129
4698
5139
4682
4586
5156
5046
5114
4581
6312
5246
4076
6895
5064
5746
4586
3369
3442
3984
5779
6272
5156
4610
5220
5832
5215
4144
4532
6234
5179
5698
5159
5792
4548
5204
5207
4622
4074
5724
5059
5699
5136
4608
5232
5788
5858
6227
5111
5126
5040
5222
4618
5243
4579
4558
6339
5733
5610
5041
6847
5187
6921
5730
4616
4555
5144
5643
5842
5187
5692
4125
4505
5730
6266
4641
5676
3982
3978
5705
5069
5701
4122
5192
4688
6355
5678
4745
5139
5272
5167
5793
6227
5663
4579
5197
6303
5615
4411
5720
5113
4530
5222
5180
3428
5573
4027
4609
5642
5750
5809
4531
5120
5155
5739
4538
5170
4477
4504
5673
5237
5180
6233
5132
4562
4615
4595
5801
6301
5206
4664
6314
5144
5243
6366
6322
6289
5840
5750
4662
5122
3552
5574
6923
4593
3334
5194
5776
5609
5204
5194
5634
4026
5709
5178
4624
5281
5065
3964
5703
5159
3836
3999
4107
4569
5084
5196
5093
5681
5117
5082
5811
5144
5084
6271
5694
5622
5079
3384
5105
5146
6275
4594
5185
5585
5719
5747
4602
5697
4081
6181
4117
5667
5116
4700
5177
5773
4549
6206
4688
5645
5727
5178
5708
5238
5729
4690
4586
6314
4047
5202
4585
4559
5165
5214
5837
5129
4638
4002
6208
5107
5742
5120
5608
5138
5181
6235
5617
6346
5821
5776
5147
5213
5618
4642
4567
5188
4569
5734
5160
5221
5184
4532
6869
4503
6403
4041
3941
5074
5621
4484
5738
4556
4629
4550
4643
5703
5739
5157
5151
5221
5294
4676
5780
5728
4053
6405
4677
4556
5742
5666
4555
4681
5699
6370
5623
5134
6321
6362
6285
6323
5795
5829
5274
5695
4042
5178
5750
5174
5788
5635
5146
6272
5219
6839
5583
4510
3355
5256
5130
5191
4531
4503
3388
4597
4074
5108
5212
5647
5136
5749
4626
6352
4539
5103
5778
5127
4157
5204
5176
4079
5751
6291
4588
5205
6835
5756
4563
5745
5071
4727
5141
4078
5060
5174
5164
3493
6235
5680
6192
4539
4557
4588
5770
5829
5731
6801
5158
5722
5720
5751
5546
5120
5611
5098
5598
4577
5727
5859
4611
5220
5159
6394
5639
5775
6213
6383
5740
5151
5125
6290
5056
5198
6933
5177
6255
5727
5239
5678
4030
4034
4419
4964
5700
6327
5649
4123
5734
4647
6266
5098
5186
5157
4606
6270
6224
4141
5176
5788
4596
6316
6792
5038
5039
5169
3985
6364
4673
5111
4524
5014
5745
6303
5635
5830
5166
5121
5700
4652
4036
4571
5172
4676
5789
5132
4582
5191
4631
4534
5135
5188
4551
6236
5214
5179
5733
5703
4564
5822
5086
4469
4499
6259
5638
5794
4608
6273
4618
5730
5661
5287
5685
5238
5220
6175
5149
5750
4608
5691
5677
6269
5138
3982
4569
3988
5188
5626
5768
4589
4540
5098
5218
5143
5783
5130
5745
5070
6326
4488
5713
3486
4569
4596
5845
4717
6872
5775
5254
5715
6362
5648
4563
4667
6317
4645
5184
5161
5176
4592
5073
5242
5149
4572
5134
5660
5796
5711
5670
5725
4055
5203
5255
5812
3497
4706
6193
6341
5791
5247
6346
3923
6230
6266
3833
4529
4532
4505
5776
4472
6328
5753
3970
5070
5216
5701
5702
5719
5662
4635
5048
6299
6384
5145
4542
5797
5150
5745
5133
4676
3535
5712
4593
4555
4552
4649
4634
5098
5702
5724
5692
5759
5740
4747
5864
4078
5317
4053
4541
4555
5219
5076
5710
5785
5757
5146
6364
6283
4652
4500
4620
5729
6293
4482
3955
4631
4593
5221
5753
6309
4724
5188
5251
5126
3975
4586
6321
5136
5668
5755
5693
4696
6929
4011
5110
5639
4558
4041
5247
5166
4590
5212
5693
4490
5239
6320
5134
4665
4584
6930
4043
5703
5194
5196
5073
5764
4756
4607
4573
5275
6366
5801
6841
4645
4609
