3435
4049
4587
3468
3957
3307
2825
4058
4448
3986
3510
3943
3418
4028
3926
2905
4486
4566
3882
3496
4022
3489
3937
4157
4477
3481
4114
4096
4046
3996
5137
2897
5048
4174
2826
2940
3387
4009
3979
3513
4692
4049
4011
3497
3884
4658
4526
4745
5227
2935
4139
2841
3943
4649
2860
4021
5199
2871
3505
4587
4535
3934
3456
4023
4615
3472
4160
3602
4015
5068
3538
3951
2773
4510
4678
3471
3475
4656
3956
4002
5135
4702
4691
2158
4760
3502
4647
3414
3554
4573
5138
5263
4062
4638
3598
4075
4695
5246
3996
3942
4104
3427
3996
5056
5180
4125
3430
4089
4200
4614
3980
5627
5211
4183
3959
4102
4597
4120
4201
4685
4027
4514
3999
4530
5179
4631
4674
3490
3382
3343
4645
3445
1774
4646
4519
4095
4004
3976
3390
3901
4066
3370
3662
3955
3610
3354
3488
4523
4634
3351
4511
4013
4044
4703
3405
4571
4039
3324
3432
3924
5080
4092
3922
4513
5230
4546
5181
4013
4744
5149
3568
4057
4036
3964
4569
3381
3458
4648
5109
4610
5078
3900
4532
4649
4471
5204
2924
3923
4006
5145
3991
4129
3481
3469
4068
4515
2897
4031
4559
4616
4033
4580
4680
3986
5135
3371
2996
4543
4069
4007
3441
3521
3365
4616
4474
4492
4004
4108
3443
4625
3370
4108
4045
4054
3970
5035
4604
3407
4057
5232
4601
4647
4619
4037
4032
5786
4038
4016
4034
3983
4558
4595
4043
4644
4588
4591
3403
4087
3938
5155
4009
4453
3014
3561
3499
5124
4720
3397
6312
4022
4623
4012
3477
4591
5149
4067
4500
4520
5144
5127
3918
4042
2404
4531
3404
4111
3421
4616
4582
5178
4142
4595
4631
4660
4656
4665
3430
4627
5248
4669
4176
4629
4609
3990
4628
4555
4671
4000
4079
4071
5168
4542
3964
4044
3487
5154
5239
4653
4067
3916
5310
3560
4119
5173
4121
4095
5238
5197
4151
5214
4685
4505
5127
4030
4098
4009
5177
4548
4704
4655
5135
3548
3900
5131
5197
5051
4107
4543
5188
4065
3312
5191
4066
3446
5721
5226
6272
4611
3953
5778
4038
3522
5079
5189
5613
4605
5750
5273
4626
6225
4065
4003
5178
4131
4536
5127
4564
4675
3995
5097
4068
3455
4606
5085
4624
5124
5693
4670
5178
4062
4614
5175
4646
4523
4040
5637
4618
5207
5289
5081
5237
3288
5314
4019
4603
4625
4450
3996
4662
5158
4627
4514
4579
5774
5259
4657
3986
4029
5778
4099
4141
4522
3454
3999
4498
4614
4564
4513
4493
5667
4506
5226
5038
4691
4603
5663
3345
4612
5715
5126
5195
6262
4612
4480
5057
3897
4762
4080
5125
5172
6296
4019
4677
5227
5137
3550
5203
4508
4534
5162
5126
4692
5081
5285
4617
5250
3943
4601
4589
4660
3429
4551
4576
5251
4105
3956
5223
3370
5729
3995
4083
4575
4663
4619
4557
4530
3473
4561
4568
3966
4605
3994
5237
5112
4705
4650
4476
4567
4023
5783
3988
4671
5752
4683
4627
3981
5101
4635
3968
3418
4562
2880
5781
4537
5101
3421
5706
4069
5214
3973
3562
5194
4526
5210
5166
4524
5718
4592
3979
4678
2834
4028
5137
4527
5236
3972
4548
4544
5222
4377
6382
3251
5721
4138
4571
4205
4059
4540
4523
4025
3970
5780
5053
4554
4738
4646
4081
5690
5724
4089
4646
5093
5799
5192
4013
5114
4048
3993
3963
3853
5206
3990
5075
5192
4639
5681
3474
5794
5148
4554
5624
4007
5712
3459
5248
5754
5102
4043
4515
3536
5250
4511
4050
4102
5115
5150
6308
5179
4448
4049
4009
4515
5114
5162
4396
5193
3973
4553
5744
4566
3924
4631
3521
3545
4460
4138
4454
5160
5789
4006
4534
4560
4604
5747
4156
5123
4586
4558
4021
5169
4555
4085
3812
3920
4617
5613
5164
4555
5180
5125
4602
4082
4526
5115
4563
4611
5186
4045
4667
4102
3403
5131
5100
4028
5226
4595
5115
4052
5286
4580
4596
4004
5216
3384
4617
5101
2874
5089
5698
4701
5019
4583
5220
4488
2741
5226
5772
4527
4511
5212
5739
5241
5086
4603
4707
4664
5680
3996
5168
4571
5769
5300
5157
5661
4476
5177
5122
5721
5134
5156
5701
5598
5074
5814
5095
3931
5008
5212
5209
3547
3995
5153
2933
4549
4517
4567
5156
5069
5170
4002
4552
5192
4625
3994
4721
4560
3395
5657
5732
6295
3943
4559
4485
3936
6411
4474
5198
4639
5681
5101
6813
4618
5199
4561
4019
4680
5226
6300
4578
5680
5073
3948
4117
5076
3988
5153
4576
3589
4537
4646
4082
4054
4546
4495
4686
4106
3865
4638
4044
5697
4023
5098
4710
6322
5123
5737
4569
6277
4560
5118
5166
4589
4042
4486
4580
5147
3998
5707
5101
3992
6243
5281
4443
4603
5069
4594
3957
4627
5054
4533
4551
4591
4650
5626
3964
3267
2933
5250
3042
4619
5208
5145
5153
4579
6272
4006
4559
4590
4654
4559
4555
4552
3987
4523
4008
3515
4085
4021
4645
4540
4025
4552
4717
4127
4061
3978
4066
4538
4534
3930
5048
5190
5206
3449
3997
6298
4615
3464
4572
3926
3406
4700
5183
4557
4176
4120
4514
4621
4655
5822
4011
6391
3962
3506
4028
4621
4143
4685
4077
4570
4590
5081
4039
5166
4599
3942
4564
3974
6325
6353
4694
5144
5142
4612
4590
3024
5205
5213
5747
3935
4093
5797
5097
4617
4004
5180
4606
4048
5137
3466
6278
4498
5192
4068
5194
4650
4598
4582
4068
4488
5807
4701
5134
4532
3987
4498
3968
5136
4580
4594
5028
5095
5196
4530
4479
5200
4007
4091
4677
4498
5288
4706
4620
5160
3942
4108
4448
4606
4617
3952
4640
3941
5763
4544
5735
5164
4012
3493
4179
5190
3919
4605
4086
4619
5219
4191
3418
4489
4511
3924
4016
4579
4624
5700
3489
4550
5162
4578
5214
3395
5170
5090
4666
5216
4029
3913
4693
3459
5227
4706
5202
4603
5712
4035
4040
5746
4060
5123
5162
5117
5104
5160
4653
4031
5145
4573
5174
5826
4609
4692
5287
4607
5212
5103
4637
4547
3372
5115
5685
4482
4114
4118
3470
5131
4537
3504
4572
4130
4700
3980
4043
4540
5216
4514
5141
3370
5170
3457
4519
4514
5071
4010
4554
5125
4101
5726
4590
4035
4542
5084
5738
4632
4997
5193
4589
5144
5158
4500
4636
4113
5141
4689
5779
4637
5225
3991
4681
3994
3429
4674
5144
5689
4064
4666
5804
4605
5174
4645
4550
4059
5270
4009
4680
5192
4566
4608
5837
4034
3952
3984
4515
4600
4554
4100
5217
6315
5047
5229
5672
3927
4606
4698
3975
4556
3933
4001
5191
5205
5108
5107
4082
4597
5188
5192
5203
4560
4637
5694
5075
3963
3964
4030
5192
5894
4707
5714
5196
4608
4646
3930
5186
4673
4475
3566
4560
4648
5107
4603
4067
5743
4003
4607
5739
5240
4676
5159
4745
4044
4505
5229
4582
3871
4609
4115
4602
5705
4517
5231
4590
4615
4609
4091
5062
4624
3427
3932
5849
4596
4487
3446
5138
4640
5264
5162
4512
4569
5702
3936
4560
4545
4601
4712
4501
5736
4624
5749
4113
5738
5240
4566
3552
6161
4129
5142
4744
3975
4659
4468
4614
5145
5791
4561
3984
5237
5127
4606
4004
4606
5187
5173
4694
5049
4586
4697
4483
3997
5247
5089
4592
5228
4517
3393
3922
4622
4032
4113
5092
5694
5160
5130
5166
4620
5074
4582
4116
4105
4076
3377
4556
2899
4086
5138
4028
4625
4100
4658
5205
4103
5119
4609
5671
3429
3994
4037
4691
5740
5083
4563
4134
5758
5189
4574
4646
5630
5765
5786
5188
5153
4560
5702
2921
5725
4659
4129
5167
3917
4656
4633
4659
4613
3972
4555
5193
5198
5210
4013
3969
5729
5638
3960
3423
4099
4132
4468
4068
4532
4613
4611
5215
5149
4638
4639
4100
4037
5193
5745
5188
5079
5110
4516
4127
5130
4110
4653
4004
4667
2868
3832
4104
4019
5129
5134
5650
4006
5243
4054
3969
4587
5142
4055
4078
4561
4643
5115
5147
4556
6277
4022
5728
3981
3524
5006
3531
5173
4630
3993
5168
4554
4566
5195
4581
5238
4538
4738
4538
4604
5691
5212
4554
5160
3949
4458
3473
4222
4595
4139
5672
5145
4600
4018
5165
5274
5237
4025
4597
5191
5135
5081
4001
4707
4556
5777
5116
4537
5152
4660
5132
4591
5761
3451
5003
4607
3965
5148
6242
4668
5673
4043
3582
4531
4046
4633
5235
5179
3463
3856
5197
5253
5238
5137
5122
5740
5754
2940
3949
4727
4661
5096
4053
4612
4488
5824
5148
5139
4538
6839
3945
4018
3444
5094
5097
3546
5123
5214
6241
3987
5082
4111
4536
4607
3926
4556
5049
5215
4039
5193
5197
5150
4620
4546
4525
3399
5162
6316
4162
5106
4006
5103
3546
4616
5162
4556
3950
4011
5201
5192
5229
5136
4085
5146
3979
5152
3411
4994
4689
4037
5106
3926
4638
4730
4613
4695
3992
4692
3528
5261
5807
5766
4516
5679
5113
4486
3947
4534
3389
4612
3457
3366
5202
5638
5189
5145
4105
4549
4073
5046
5209
5701
4105
5103
4042
4509
5093
5226
4592
4572
4034
5762
5153
5151
5036
6137
4068
5759
5126
5184
4688
5743
4500
3992
4593
5137
4559
5712
4638
5097
4409
4627
3941
5091
5210
4599
4614
5220
4100
3948
4638
4667
5094
5121
5177
4077
3972
5208
5764
5150
5722
4663
3991
5082
4566
4722
5177
4010
4619
3876
4524
5131
5148
3998
4460
3479
3466
4551
5218
4151
4561
5117
4085
5172
5741
5804
3982
5682
3537
4540
4609
4747
4664
4567
6286
4089
4086
4128
4657
5244
5695
4631
5788
5163
4037
3920
4579
4083
4615
5168
4503
4060
4601
4544
3988
3533
5125
4585
5276
4569
4629
4689
3991
3360
3458
5098
4523
4643
3956
4511
4120
4609
3384
5183
4608
3525
4605
4025
5070
4508
4075
5082
5182
4655
5042
5752
4098
4665
3330
4635
4569
5190
3990
5111
5106
3979
3962
4547
5271
4610
5198
4087
3499
3370
4524
5178
5673
4575
3973
5744
4676
4088
4024
4686
3480
4037
4687
5173
5171
4607
5126
4534
4681
4100
4691
3512
5120
4561
3992
4560
5698
5583
4668
4066
5146
4486
4524
5121
3988
4629
3481
4039
4046
5731
3964
4637
3930
3900
4003
6367
5051
3336
4631
5677
4606
4604
3989
3417
4509
6281
4541
3381
4074
4592
3562
5155
5804
4632
5168
5213
4081
4141
4758
5085
3985
5273
3876
3418
4668
4635
4701
5674
5119
4062
4515
3961
5197
5179
3455
5107
3434
4531
5233
4047
5734
5190
5106
5176
3547
4572
4640
4617
5187
3977
5221
4607
4622
5088
4034
3898
5042
5163
4621
3992
5185
3831
4626
4646
3531
5755
5260
5176
2964
3528
5754
4068
4042
4628
4551
5109
4121
5173
5216
3984
5136
4752
5772
4093
3971
5195
4578
5153
4662
4531
5212
5187
4541
3916
4566
5182
5079
3929
4061
2811
4639
4613
5203
5223
5775
3619
5076
4576
5068
4016
4596
4556
4625
5215
3434
3946
3939
5145
5163
4500
4604
4081
4100
4683
3978
4633
5049
5179
3919
5198
3371
5103
4513
5211
5790
5190
4686
5094
3919
4515
3591
5231
3980
5698
4170
5668
4607
5155
4073
4469
2934
3495
4615
4097
4015
5005
4517
4510
4005
5710
5732
5131
4039
4035
5771
4588
5048
5297
5154
4593
4046
5210
4593
4614
3428
4139
4650
3527
3557
4572
4107
5214
3461
5133
4530
5180
4570
4535
4073
4026
4013
4000
5175
3423
4566
5177
4049
4071
3478
5786
4085
4055
5183
4000
5636
3561
4566
5146
4489
4599
5054
4083
3335
3939
5184
4616
4045
5727
4662
4075
5223
4631
5726
3410
5045
5028
3947
4555
4128
5147
6291
4055
4076
5803
4144
5104
4723
5209
5705
3876
4083
4573
5760
4050
4020
4018
5081
4013
4065
4560
4497
5080
4614
4109
5769
4476
4632
5124
5071
4076
4618
4594
3483
4647
4084
5086
3945
4091
5662
4518
5697
5155
3957
4620
4540
3904
4087
5226
4022
4011
4555
4638
4524
4568
5142
4124
5254
5208
4537
5269
4590
4768
4715
5154
4590
4702
6356
3357
4011
4531
5157
4109
3932
3453
4567
3350
4625
5717
5085
4132
4132
3956
4143
4616
4194
4562
4623
5233
5094
5789
5712
4500
4688
4538
4639
4023
4673
4063
4638
5178
4013
5140
2873
4629
4671
5724
3477
4598
4548
5160
5194
3967
3467
4050
4564
4663
4114
4525
4038
4516
4543
3980
5097
5809
5144
4066
3977
5231
4619
3553
5679
5763
3476
4043
2871
5208
3969
5785
4102
4642
5213
5821
5164
5201
4549
4387
4712
3920
5127
5226
5139
4607
4669
4205
4099
3955
4573
5779
5140
4614
5146
3479
4073
4058
5227
4533
3026
5093
3931
4555
4105
4665
5125
4112
5676
3918
5706
5041
4612
4110
4203
5716
5151
3413
5198
4042
3891
4675
4089
3983
4637
4423
5081
5115
3904
3947
4012
4532
3584
4117
5216
5161
3997
5676
5641
3553
5811
4509
4006
4120
4066
4626
4571
6301
4586
4636
4476
5747
3894
4794
2928
5157
3464
3974
4036
5715
4622
4506
4096
5767
4591
4071
3455
6291
4571
5136
5221
4108
4615
4659
6850
4008
4680
4117
4608
4621
4063
5739
4001
4523
5075
3988
5888
3943
4074
3999
4565
4591
4580
4643
3947
4626
4035
3975
3572
4068
3486
4682
5219
6187
6275
4560
4481
4654
4561
3462
5181
5234
4653
3422
3950
4571
3914
4110
4501
4047
3948
5803
5694
4617
5704
4543
4114
5011
4562
5227
5139
5764
3523
4149
4001
5119
3949
5161
4747
5143
4622
5252
5732
5697
5180
4115
4477
4724
4650
4052
4664
3561
4004
3395
4593
4969
4675
4686
5236
4691
4630
5052
6273
4603
4559
4537
5183
4638
4575
5235
3943
6372
5656
5621
4646
4641
5178
4149
5166
5304
3531
5176
4610
4000
4565
4085
4564
5245
3918
4615
4134
4623
5683
5764
3934
5207
5719
3987
3988
5667
5087
4547
3501
3975
5135
4013
6318
3870
5141
3987
4675
5155
4576
5086
4070
5158
3966
3986
3421
5159
4538
4035
3950
4031
4028
5031
5805
3422
4549
3961
4525
2871
2800
4522
5123
5171
5771
4046
6292
5152
4594
5037
4624
4584
3991
4480
4634
5246
4584
4584
4637
5090
5131
4621
3397
4087
5234
4611
4643
3993
4727
4025
5685
4052
4081
4034
5813
5203
4102
5143
4607
4597
4490
4050
4067
4116
4664
5162
5067
3431
4053
5090
3917
4068
4595
4644
5855
4675
5203
5155
4166
4645
4649
3540
4512
4074
3509
5729
4569
4649
4588
5107
4599
4672
4497
4102
4012
5240
4566
5778
4682
4587
5290
4510
4696
3450
3428
5214
5219
4665
5152
4589
4067
5168
5291
5183
4527
3406
4528
4121
5058
4612
4569
5668
5094
5124
5839
5129
4633
4565
3937
4658
4580
4599
4620
5674
5175
3549
5711
4062
4582
4621
5116
3514
4005
5124
3985
4000
5223
5144
3929
3952
4627
4111
4532
5167
3968
4092
5116
5183
4055
4664
4636
5747
5076
4666
5229
5118
5133
4570
4604
3993
4632
3942
5219
4072
4577
4999
5137
4040
4639
3966
4115
4064
4455
4100
4523
4999
4633
3494
3968
4608
4577
4534
4561
4020
4621
5726
3914
4602
4597
4648
5189
4535
3440
4680
3416
4639
5169
4657
4603
4134
3981
3951
4558
3461
4082
4697
3946
4479
3983
3911
3988
5226
4534
5818
5218
5145
4143
5211
5693
4042
4129
4031
5715
4590
3343
4548
5122
5116
5274
5208
4649
4597
4035
4097
4019
5180
4701
4552
3974
5101
3870
4097
3547
5202
5188
4598
3523
5707
6347
4640
3486
4640
3990
4575
4581
4017
3511
3985
3969
3459
5228
5172
5108
5212
4069
3633
5138
5188
5161
5781
4602
3970
3998
4011
4540
4577
4615
3925
3910
3966
3949
5221
4526
3964
4076
5159
4035
4589
3475
5215
5716
3967
3997
5642
5087
4705
4644
4004
5810
4010
4633
4024
3447
4123
4633
5174
5139
5711
3456
4592
5094
5661
5739
4498
5785
4621
4020
4706
4011
5125
3845
2881
3398
4557
3876
4002
4637
4624
4603
5141
5696
4491
4600
5725
5138
5154
4570
5683
3952
3501
4613
4581
5213
4063
5046
4583
4637
4613
4452
4125
4045
5222
4031
4668
5781
3387
4106
5151
4690
3943
5240
4089
5139
5146
4520
3392
3990
4080
4504
5144
4632
5126
4672
3997
2894
3471
4081
5236
4650
4679
4139
5091
4528
4051
3989
4438
5189
4584
5180
4590
4489
4497
4486
4577
4056
4616
3945
4669
4573
5027
5826
5185
4051
3494
3468
5175
4065
2884
5198
3995
4033
4066
5229
5714
4639
4078
5691
5152
4120
4638
3418
4476
4424
4506
4063
5067
4084
3979
4620
3415
3967
4589
5100
4571
5685
5115
4619
3954
4024
4052
4116
3978
5263
4001
5224
5064
3987
3542
4091
5757
3974
5175
5167
3336
5199
4528
5156
3374
4541
3970
4628
4533
4028
4588
5139
4004
4531
4044
5757
5059
4556
3409
5193
4022
5076
3593
5173
4563
5175
5794
4006
3973
4495
6209
5750
5219
3512
5192
5157
3384
3949
5056
5160
4638
3977
4650
3586
3459
3535
4599
4586
3516
4150
4492
5149
6313
5067
4608
3963
5295
5274
4616
4526
4642
5733
4653
5722
4587
4596
5802
2822
5164
3959
4739
4037
5075
4024
4581
4596
3966
3427
4585
4579
4015
4670
4490
4623
5148
4713
5758
4558
4539
3893
4675
5690
5151
5629
4610
4029
4585
4610
3384
5193
4590
4062
3519
5739
4565
5186
4545
4685
4688
4612
4549
5091
5244
4525
3967
3464
4575
4600
3955
3991
4570
5164
4561
5210
4532
4478
3488
5743
3517
4617
5151
4629
4094
5223
3941
4618
3570
4528
4574
3565
3921
3937
4067
4007
4681
4041
4641
5122
5183
4500
4016
4002
3958
3978
3957
5208
4753
4026
4633
5802
5697
4679
3418
4013
3427
4636
5118
5167
4678
4587
4652
3403
3552
5154
3525
4677
4103
4049
3431
5704
4584
4640
4051
4554
4105
5159
4665
4621
4574
4472
4007
4566
4544
5250
4111
4048
3946
3936
5189
4003
4009
5811
4641
4579
4048
5784
3913
3381
4729
3969
5113
3984
3482
3517
5192
4657
4018
3966
5102
4581
4546
4635
4052
4642
4460
4571
3380
4585
5635
3996
4607
5165
5219
4121
5058
4152
3508
4390
4133
3999
4111
5168
4609
5186
5098
5247
5641
4509
5732
4573
3353
3487
3938
3923
3933
4019
4660
4076
4671
4524
4150
4684
4144
4548
5108
3924
3962
4047
4592
5746
4680
4612
3921
5101
5136
3988
4036
3406
4660
5690
4517
5760
4563
4058
5169
3976
4574
4022
3998
4158
4500
5206
5269
4615
5662
3495
4647
4115
5124
4051
4533
3978
5186
3432
5095
4602
3973
3932
3495
4611
3989
5206
5243
5098
5688
4500
5227
4487
4593
4638
4542
5172
4013
4052
3972
4690
4081
4103
3949
5174
3452
4086
3889
4084
4574
3991
3381
5751
3450
3435
4739
4557
4114
5118
4005
4137
5212
4610
4542
4666
4090
5096
4604
5640
5193
4022
2849
5126
4032
4568
5741
4073
4112
4711
4039
3497
5652
3959
5236
4827
5075
4645
4598
4091
2865
3967
3968
3921
5122
4467
6308
4610
5198
5111
5174
4085
5830
5158
5275
5190
3790
4602
4617
3938
4013
4115
4562
3982
4716
4025
5163
5702
4530
4004
4055
4666
4609
4049
4064
4617
4669
4072
5183
5165
4070
4574
4422
4029
4475
5096
4625
5091
5115
5677
4517
5180
5175
4748
5133
4161
3478
4456
4043
5661
4708
4002
4539
4597
4620
5225
4005
4600
3542
4588
5757
4713
4049
3882
4701
4464
3974
4622
3967
4058
4070
5218
4076
4048
4040
3932
4641
3368
4657
5058
4152
5155
5131
4210
4039
3915
4062
4559
3508
4605
3528
5754
4084
3991
4583
4580
5686
3550
4557
3981
3516
3928
5121
4607
4626
4572
5076
5141
4125
4013
4043
3997
6350
3443
3925
3337
2979
3967
3390
3454
5186
4567
4021
6337
3926
4516
4566
5233
5108
5162
3375
3541
4540
4657
4634
4612
4706
4655
5022
4597
3983
6303
4526
4574
4008
4005
3491
4025
4476
2862
5213
4005
4083
4646
3425
5183
4679
5225
4673
4539
4589
3414
5296
3382
5209
3519
5243
4024
4542
2751
5282
4051
3991
4057
3965
4536
5160
4624
5279
4080
4035
4194
4053
4107
5146
4049
5695
3521
4536
4558
4578
2822
4029
4565
3944
3951
3438
3569
6243
3317
4029
5754
5241
4095
5151
5692
5145
5207
4489
4147
4694
4004
4040
4679
4633
4690
3996
3427
4095
4053
5183
4458
4548
3962
4068
4052
4025
3969
4625
4666
4009
5226
6833
5782
5178
4055
4039
3952
4605
4593
4585
4177
3923
3404
3465
4561
4473
5138
5790
3545
5203
5568
3881
4534
5223
3955
4014
5210
4603
4630
5649
4013
4666
4032
3920
4596
5153
3319
5710
4019
4095
5183
3499
4016
5122
3464
2822
4020
4055
5067
4562
4484
3500
5192
5267
4585
5178
3371
4093
4095
5257
4457
4065
4063
4571
4042
3437
4668
5160
4695
4652
5085
4616
5229
5109
3432
4038
4029
3346
4498
4614
4062
5222
4587
4600
4064
4114
5179
5163
4014
4630
4607
4002
2859
4111
3372
3954
4680
4490
4657
5756
5178
3589
3481
4526
3983
4547
4554
4026
4720
4050
5739
5708
3442
4111
5152
4502
5104
5084
5087
4649
4544
4669
4642
5652
4601
4028
5748
5642
4004
4115
4648
4096
4595
5762
4620
3973
4115
4618
4599
3995
4012
3910
4516
3981
4063
4007
5180
4577
3890
4036
5736
5179
3434
4673
4164
5125
4679
4536
5621
5181
4032
4564
4030
4552
4522
4488
4041
5772
5722
3420
4535
3452
4481
3541
5691
4110
5139
4588
4121
5681
6303
5109
4023
4616
5206
5196
3930
3045
4074
5105
5196
3515
3482
5047
5195
4084
5179
4680
4667
4076
4092
5772
4594
5051
4713
5121
5174
4100
4031
5228
3436
5234
5694
4621
4631
4088
4003
4554
4641
5202
4626
5175
5140
5228
4012
5099
5169
4017
5251
4581
5114
4135
4697
3556
3496
5120
5111
5101
5125
4044
3498
4054
4660
5080
3955
5748
4644
4583
3995
4652
5693
4576
4591
5695
4539
4666
4583
5141
4545
5144
3935
4169
4482
6312
3980
5105
5270
4042
3944
5234
4629
4106
6397
4581
5240
4723
4036
2847
5681
4568
3426
5066
5085
4017
5075
3552
4584
4574
4039
3986
4614
4006
3929
4064
4615
5697
5151
4643
4677
5657
4605
5184
4069
4602
4716
4556
4572
4014
5058
5679
4527
5198
4582
4617
4119
4058
3967
4662
5166
4705
5133
4733
3917
4079
4586
4073
5199
4634
4611
4522
4649
3569
3974
4488
4047
4093
5162
5189
4121
3997
5251
3445
4630
5630
5205
4073
4556
3420
3412
5604
4580
4649
5120
4659
5106
3378
4530
4579
4553
4619
4475
4009
4033
4083
5735
5232
4645
3873
3997
4009
4627
4517
4660
4530
3948
5187
3409
4636
5127
3346
6178
4561
4476
4612
3933
4594
4604
5118
4656
4577
4574
5164
4083
5688
4500
4524
4022
3967
5203
4430
5122
5173
3988
4578
3971
4479
5287
5874
4072
4049
3954
4680
3981
4025
2957
3929
5132
5661
3512
5125
4646
2891
5121
4043
5239
3450
3395
3238
4484
5110
4615
6297
4012
4646
5106
3985
4681
4619
4529
4577
3966
5092
4593
3994
5150
4479
4571
4575
4054
5218
3965
3958
5728
4682
4006
4622
4489
4062
4657
4720
4050
5779
4559
4574
2879
5141
5233
4606
4710
5151
5699
4594
5158
4042
4616
4062
5153
4040
4131
4033
3564
4045
4595
4175
5161
3982
4509
4000
4096
4536
5162
3947
4096
4673
4606
4607
5742
4570
4562
4059
5744
4039
4005
5173
4599
4657
3993
5140
5284
4621
4601
5136
4045
4591
5136
5664
5720
4020
3500
5162
4101
5789
4027
3998
3933
5153
4082
6207
3506
4016
4492
4038
4167
5793
4603
3476
5613
3961
4016
3515
4644
5187
5162
4519
4071
4573
5716
4640
5174
4613
4585
4593
5161
4611
4458
5133
3472
4076
4630
4681
4012
4491
4604
4023
5176
3973
5165
4057
4081
4501
4083
4598
4084
4059
4090
4167
4741
4536
5106
5209
5071
4595
4651
5174
4631
5214
5231
4031
4097
6406
4048
5636
4626
3933
4035
5180
4439
5183
4061
4599
4647
5186
4042
4577
4580
5799
3547
5727
4110
6909
4579
3985
4037
5176
4674
5830
4015
4617
4028
5253
5269
3576
4602
4558
