3433
4042
2804
3496
2790
3414
4029
2875
2857
2845
3873
4051
3868
3359
2951
3535
4057
5666
4560
4012
3009
5175
3974
3345
4526
3350
3372
3962
2852
5143
4002
4524
3921
4742
4029
3404
4678
5124
3524
4050
4734
5151
2757
2321
3412
4587
4022
5207
3515
3965
5155
2835
4552
3486
4592
4602
3017
4624
4598
3422
4072
3396
5174
4551
2891
2705
2317
4122
4151
4005
3432
3353
4541
4664
3998
2844
3474
2907
3923
3424
4054
3458
4661
4628
4635
4015
3395
4613
2840
4069
5276
3899
3988
4606
3913
4081
2758
4710
2891
2362
5150
3456
5221
2916
4637
5239
5184
4120
4086
3994
3402
4079
5170
4534
4574
4015
3938
2915
4011
5272
3007
3933
4085
5138
4029
4548
4585
4509
4528
4063
3458
4612
3355
3924
4539
3383
4031
3623
3964
3980
5752
4010
4064
3547
3590
4049
5122
4023
3959
4198
5167
4553
4462
3484
3528
4460
4004
4012
4073
3370
3377
5719
4556
2888
4711
4038
4723
4557
4521
4587
3474
4106
4067
4054
2853
5210
5169
3503
5236
4071
4600
4500
5144
4169
5101
4611
4655
5140
5154
4620
4554
4734
4144
4677
3858
3893
4102
4641
5168
4467
5152
5653
4567
4553
5150
5127
5114
3420
3518
4139
4115
5202
4504
5126
5751
3378
4027
4683
4612
4071
5282
3971
5841
5142
3977
5120
4516
2946
4585
4077
4678
4592
3944
4076
4052
4676
4127
4022
4143
4657
4683
4052
3457
3987
4112
5227
5212
5113
5209
4596
3376
4567
5229
4585
4623
3999
4579
3883
5736
4651
3918
4661
5802
4425
5299
5117
4646
5807
4497
2913
5689
4646
3939
5716
3390
4970
3940
5218
6317
4106
4533
4754
4030
4182
4061
3507
5799
5258
5236
4611
4712
6334
4090
4113
5767
4635
5786
3874
3446
4707
3566
3385
5811
4562
3925
4663
5252
5068
4048
3968
4583
4104
4120
4090
3958
4669
4696
4107
4598
4600
3480
4658
5766
4462
4702
6274
5187
4502
3528
5711
5743
4620
3949
5238
4989
5242
4007
5234
5731
4041
4695
5182
3335
5116
5232
4065
4745
4156
4594
4950
4629
4660
3847
4624
5205
5199
4545
3402
4610
5126
4619
4562
5222
5191
4036
4557
3902
4640
5175
5237
5176
3528
4564
4620
5737
5155
5234
4576
5749
4069
4572
5226
4622
4608
5724
4709
4697
5171
4037
4572
4662
3339
5680
5105
3993
4556
4543
4645
5780
4066
3509
5221
3998
4590
5692
5252
5760
4058
5212
4054
4050
4697
4580
5731
5086
4560
4757
4649
3486
5154
3457
4653
5280
6376
5266
4573
4106
4569
4531
4562
5231
4439
4656
4573
3985
6385
5208
4559
3453
5289
5090
3958
5222
4535
5262
5117
5214
4583
4545
3891
4506
6221
4025
5077
5727
5132
5798
4607
5747
5180
5142
5324
4656
5255
5778
5744
4098
5079
5196
4664
6323
5683
5655
5155
5178
5230
4593
4023
5222
4701
4523
5798
4050
4102
5198
5186
5659
4563
4047
4120
5688
4057
5084
3558
5781
4657
5722
4788
4587
5270
5300
4063
5675
5147
4026
5676
5738
5218
6789
5162
5689
5161
6333
5695
5189
4542
6376
4632
4649
5105
5210
5218
5166
5095
5235
4526
5038
4661
4572
5106
4598
4565
5182
3494
5256
4595
5170
5706
5190
4568
5075
5147
4416
5262
5210
5822
4615
3962
4017
5101
5799
4617
5228
5144
5686
6924
5124
4571
6278
4668
5093
4601
5257
5743
4492
5274
5160
3992
4657
5667
6298
5233
5152
5616
5269
5086
5192
5685
5279
5151
5050
4668
5242
4000
4639
5246
4129
4520
4008
4049
5671
4614
5090
4058
3514
5244
5262
4640
5101
5680
4652
5213
5127
5052
5141
4553
6285
4012
3987
6349
4528
5271
5791
5130
5756
5751
5771
6366
5123
5225
5741
5129
5102
5705
4593
5768
4600
3995
4628
5739
4547
6285
4089
3497
5706
5126
6232
5672
4069
4679
4656
4607
5721
5633
5162
6180
4131
5254
5135
5887
4552
5158
5782
4516
3963
5030
4704
4113
3372
4683
5084
5144
5631
6411
6342
6171
5694
4598
5076
4594
4052
5726
5660
4050
5147
4673
5124
6286
5111
4531
5760
4034
5815
5166
5243
5726
4616
4540
5144
5675
5165
6280
5099
5242
5234
5705
4578
4551
6785
4564
5032
5719
5686
6278
4694
5251
6345
4675
5782
5739
5178
5216
5880
6327
4102
5201
6354
5143
4583
5123
3981
4565
5741
5146
5776
4565
4550
6350
4614
5771
5112
5776
5703
5696
6363
4716
6281
5710
4513
5082
5746
4095
5738
5174
4543
4976
5183
4005
4661
5278
6293
4682
6989
6318
4580
5186
5616
5186
3952
6387
5128
4082
5079
5181
4466
3994
4054
5172
4541
5145
5177
5214
4119
5133
4581
4616
3411
4035
5210
5176
5695
6335
4479
6820
6267
5732
5845
5775
6250
5266
2832
4547
5190
4660
4036
3963
6902
3970
5662
5187
4080
5631
5731
5818
5060
5610
5674
4665
4510
4648
5662
4591
5116
5797
5773
5083
4557
5116
5866
5161
5187
4064
4737
5206
5826
5119
5163
4006
4581
4654
5774
5217
3993
4125
4121
4615
5744
4075
5104
5171
5162
5213
4552
5781
5224
6938
5149
5292
4639
5117
3958
4552
5138
5782
5158
3979
4552
5645
3894
3988
5836
4511
4664
5152
5746
4677
5060
5686
4530
5223
5181
4011
5148
5732
4163
4744
5062
4637
5677
4609
5150
4116
4615
4649
6259
3963
5664
3517
5750
5087
4560
5744
5710
5727
5189
5177
5696
6349
6163
5794
6284
5782
4574
4693
5196
6310
4622
5153
5640
4595
5149
5075
5777
6373
5181
5758
6358
3895
5164
5064
6420
5717
5196
5758
5685
5228
5126
5696
5607
5736
5056
6282
4643
6248
5203
5726
5795
6304
4612
5772
4675
4137
5789
5197
6307
4542
5199
5740
5677
5140
4539
5230
5656
5158
5220
5788
5207
3553
3408
5161
4625
4598
5662
4044
4653
6260
5179
3923
5121
5643
4051
5223
5184
4572
6295
3990
6292
4716
4757
5704
5081
5139
6350
5200
5057
5173
6334
4626
4575
4014
4646
4525
4116
5279
6930
5229
5713
5745
5240
5606
4476
4539
4592
5257
5229
5742
5740
5291
4046
5790
4632
4046
5702
4037
4535
5752
6335
5676
5799
5127
5190
5204
4062
5649
4536
6893
5217
5166
5230
3889
5068
5170
5161
5111
5632
4052
4069
6231
5164
4526
5165
3979
5711
5040
4016
5158
5131
5218
5249
5732
5095
5203
5025
4558
5636
4571
5220
5226
5740
5803
5238
5213
6948
5174
6835
5222
5141
5149
4659
5766
4536
6909
5237
3452
4648
5755
5694
4552
4619
4531
5173
5663
5651
5191
5270
6874
5702
5231
6302
5072
3846
5786
4684
5137
6854
5644
4556
4533
5780
5732
6861
5182
5180
6296
5104
4637
5748
5711
6245
5255
4134
3958
5804
5769
4644
5752
5754
6205
4516
5208
4758
5647
5141
4509
4609
4530
4589
6339
5099
6351
6210
6314
4629
4478
4561
6258
4490
5736
5081
4487
5741
5782
6325
5151
5176
4074
6356
4666
4646
4614
6274
5147
6240
4514
4672
5717
3865
5154
5129
5683
5139
5890
5251
5661
5120
5178
5722
5797
6280
5141
5202
5802
4668
6194
4594
4647
5670
5655
5681
4659
5782
5126
6323
4619
5075
5193
6839
4608
5733
4659
4999
5680
5792
4714
3589
6230
5093
5604
5205
5811
5122
3949
4052
6303
6865
4054
5148
5203
4635
5179
5717
5160
4140
4515
4635
6280
4648
6880
5142
5138
5598
5807
5693
4028
5159
4632
6366
5139
5701
5118
5085
4647
5062
5132
6314
4593
5115
6288
6878
4473
5067
6310
6278
4627
5721
5127
6898
5756
5262
5210
5223
5161
5765
5572
5636
4026
6297
5147
5154
4680
4529
6306
5647
5167
5739
5765
6365
5197
6774
6209
4617
5686
5138
4520
5167
5774
4534
5835
3928
5119
5165
4070
5212
5047
6410
5769
5722
4555
3547
5072
5190
5660
5124
5121
6308
6262
5103
4528
5832
5116
5231
5095
5732
5120
4510
4519
5693
5137
4608
5152
5728
5765
4746
5246
5719
5123
6888
5155
6383
5250
6375
4553
6333
5770
5163
5207
6289
5119
5135
6833
6348
6305
6263
5185
5176
4679
5798
6266
4640
4531
4119
6278
5161
3933
4003
5220
4627
5735
5220
5172
5203
5187
4567
6212
5776
5130
5689
5269
5810
5685
5637
4666
4658
4561
4078
6371
6242
5707
5736
5768
5674
5226
4525
5256
5107
6269
5658
5701
4548
6329
4607
5732
4018
5184
4619
5781
6280
5733
5666
5643
6343
5736
5861
5108
4718
4663
6327
4641
5116
6281
5771
5253
5156
5163
5730
5737
6921
5788
5006
6951
5657
5148
5744
4110
6264
4006
5157
5075
5109
5222
5163
3477
4680
6297
5676
5134
4577
5671
5763
5732
4653
4587
6265
4664
5806
3361
6805
6902
4550
5143
5214
4504
4651
5729
3477
6249
4499
5676
3975
3980
6318
5721
6766
4047
4108
4611
4524
5797
5713
5090
5774
5179
6252
5232
5776
6309
5093
4060
4498
3993
5722
5277
6264
4628
4595
6237
5110
5221
5724
5180
4507
5198
5661
5691
5020
4552
4563
5211
4580
5230
5171
6291
2993
4573
5204
4612
5179
4516
5636
5156
5214
4507
4599
5675
6275
5257
5169
6387
4067
5742
5659
6341
6241
5810
4464
4520
6280
6865
5765
5654
5179
5840
5752
6126
6307
4515
5770
5278
5145
6343
5832
6392
5601
5709
5209
6891
6233
5136
4060
5119
6326
5124
4517
6777
5208
5647
5137
5119
3465
6360
5207
5832
6299
6315
3944
4077
5233
5716
7343
5799
4637
4014
5249
5127
4578
6276
4551
5729
5176
4589
5726
4632
6321
5188
5678
4650
5117
4562
5062
6344
4599
4068
4557
5106
4455
6852
5085
4515
5161
5767
5778
4924
4614
6290
5141
5023
5197
5133
6290
5733
5776
6189
5764
5010
5081
5261
4511
4640
4507
4675
5598
6770
5120
5146
5146
5699
5641
4675
5194
6934
6871
6786
5129
5700
6139
4527
5116
5137
6304
6335
4673
5777
5792
5165
6335
5667
4561
5837
5691
4614
6236
5824
5023
5766
4089
5117
4459
4626
5256
5702
5142
5764
6227
6885
6317
4934
6298
5744
5735
5766
4623
4559
5694
5782
5134
5179
4462
6327
5171
5759
7434
5745
4537
5661
5198
6269
5195
6296
5721
6344
5717
5164
5771
5854
4631
5064
5103
4480
6298
5131
5135
5744
6373
5180
5226
5135
5755
4457
5577
5731
4024
3624
5721
5148
5698
5163
4657
6196
6348
5823
4120
6315
4597
4690
5207
4541
4498
5289
4550
4629
5212
4598
6276
5652
5812
5199
5281
5796
5661
5719
4644
4664
3473
4568
5150
4612
4513
6255
5839
4676
5071
5724
6886
5678
4526
4418
5061
5034
5650
6265
5755
5812
5016
5171
6282
5179
6234
6746
6234
5711
7444
6897
5655
6315
5152
5228
4637
6319
5164
4580
5194
6820
3483
5705
6317
5715
5183
5757
5668
5715
4574
4632
5147
4641
5121
5149
4563
6262
5311
5181
6788
6236
5752
6303
5141
5810
5095
6334
4630
5143
6221
5687
5130
5778
5057
5167
6817
5143
4362
5631
6306
5828
6223
5763
5675
6249
6329
5154
6353
5649
5771
5769
5069
3467
5812
4078
5141
5143
5173
5256
5224
4598
5125
5642
6352
6848
6755
6307
4497
5657
5155
5038
4530
5788
5751
5557
6746
5132
5187
5123
4599
6251
5310
6851
4441
5186
5075
5664
5228
4469
4685
6777
5148
5157
5778
5651
6356
5764
4667
5764
5125
6889
5099
4103
5733
6368
4582
6877
4650
5034
4028
3371
4557
4038
6300
5819
5817
4664
5620
4584
5177
4032
5747
5196
4999
5151
5790
5676
5745
3463
5140
6953
6223
5706
6408
5298
5167
6270
5697
5308
4995
4587
6237
4545
6354
5010
5117
6328
5203
5773
4652
5078
5118
6344
5155
5297
6803
4413
6459
5700
5344
4608
5669
5835
6392
5644
5640
5174
5768
6345
5748
5697
5660
5665
6241
5155
5724
4713
6808
5693
5780
5256
5087
5691
4510
5867
5106
6783
5749
6396
5187
5719
5773
5245
6342
6311
5716
6292
4678
6320
5609
6865
6259
5195
5051
5772
5168
6315
5776
4602
6454
5771
5176
5773
5211
6299
5230
6297
5095
5778
5772
4619
6341
5161
4577
5726
3440
5836
4662
4609
5148
4434
4009
4563
5159
5693
5688
5804
4550
4579
4593
5782
5657
5712
5760
5225
4544
5246
5789
4110
5064
5751
6908
5595
5097
5251
5081
4145
5819
5214
6295
5168
5715
5864
5094
6264
4068
5695
6824
6715
6908
5215
6305
5714
5809
5758
5114
4043
5667
7389
6304
4387
5220
5120
6204
5768
5202
6260
5802
5799
6314
5712
5230
4724
5797
5075
5674
5763
6265
5689
3919
4708
4700
4618
6864
4085
5182
5183
6323
5224
5671
5203
6302
6358
5629
5253
4530
5150
3567
6332
5200
5217
5219
5684
5226
6256
5121
4634
5784
5154
6297
4664
5598
5785
5086
5142
4987
6455
3894
5198
5107
4088
4585
6274
5773
5677
5140
5168
5725
6264
5632
6263
5679
5631
5721
4555
5704
4593
6183
4600
6232
5780
6836
5795
5711
5705
6255
6382
3988
5692
5726
5277
5693
4542
5153
5239
6314
5768
5156
5261
6289
4984
5715
5129
5187
5727
4625
5771
5705
6340
4161
5212
6304
6140
5103
4640
6226
5658
5628
6292
4089
5819
4063
5753
4519
5633
4142
6837
5757
6236
4581
5712
5121
5204
6299
7332
5170
5659
4471
5591
5050
5622
5722
5198
5773
5673
5303
5105
5763
4018
6769
4645
5191
5755
4672
5223
7457
5178
5820
5793
4658
5712
5198
5733
5181
4411
4621
4623
5127
6314
5098
6302
5176
6266
5653
5259
4649
5169
5153
6834
5727
4634
5191
5646
5053
5764
6298
4494
4714
6292
4019
5772
4608
5036
5132
6698
5762
6315
5805
5089
6341
5633
6205
5161
5096
5682
5147
5779
5708
6265
6857
4549
5073
5135
5693
5760
5822
6288
5687
6239
5093
6861
5689
5104
5128
6226
5325
4995
5786
4618
5845
5779
5728
6233
5072
6262
5171
5199
6286
4542
5720
4567
5837
6282
6279
6281
5172
6357
5160
4021
4595
6214
6277
5746
5287
6306
3997
5149
6340
6961
6334
6342
4526
5748
6958
5202
6286
5698
6829
5260
5105
5184
5178
5194
6236
5682
5210
6353
4568
5746
5165
6319
7474
4588
6292
6290
4523
6349
5697
6261
5701
4003
5719
6832
5063
5742
6277
5105
5163
4539
5086
5330
5874
3917
5663
5712
5654
5687
4554
4005
5754
6788
5209
6268
5767
5102
5814
5661
5764
5785
5716
5672
5650
5671
5715
4539
6316
6411
5736
5246
5177
5234
6293
5131
5762
5685
5725
5737
5619
5083
5680
5131
5108
6357
6276
6276
4674
5785
5225
4543
5189
5059
4622
6810
4566
5782
5740
6200
5842
4650
4005
5610
4446
6290
5153
4628
5660
6310
5179
5084
6324
5148
5685
5122
4613
5681
5192
4494
6312
5114
5232
6761
5786
5146
5728
4152
5120
5709
4650
4565
5174
5048
5174
5216
5841
5097
6257
5152
6189
6274
4602
6247
4507
6814
5175
5679
4035
5156
5772
5725
6865
6186
6321
5122
5736
6231
5731
5805
6385
5099
5566
4602
5742
5570
5146
6398
5643
6264
5124
5775
5711
6211
5761
5713
6310
4433
6308
5782
5209
5718
5673
5751
5135
6834
5770
4606
5276
5582
5734
6308
5745
5628
5081
6340
4566
6183
5732
5612
4477
4528
5708
5198
6217
5280
5735
5738
5665
5137
5660
6311
4673
7424
6332
5099
5712
5119
5142
5158
5176
6336
5137
5723
5642
5753
5705
5580
5754
5688
5197
5789
5734
5718
6300
5549
5778
6842
4583
5724
5108
5285
5078
4108
5175
5776
5805
5171
5132
6225
5137
4662
5192
5808
5119
4495
5781
5113
6355
6151
5864
5711
6921
6321
5078
5761
5687
5714
6303
4548
5172
6405
5765
5815
5741
6253
5136
5707
6932
6321
6152
5723
6304
5751
6235
5154
5143
4544
4604
6289
5732
6826
6218
6239
6803
6266
4065
6348
5222
5623
5069
5114
4527
6336
5708
4510
5635
5714
6333
4104
5194
4622
4528
5204
4540
5716
6255
5046
5164
5214
5711
5782
5636
5665
5097
6272
5227
6313
5733
5171
6227
5809
6358
5767
5867
5159
5261
5781
5186
6771
5797
5311
5702
5755
5219
5668
5134
5218
5185
5224
6330
5811
5236
6872
5166
6857
5103
5653
5184
4639
5734
5094
5095
5085
6360
4633
4525
5667
4573
5751
5091
5069
5004
5194
5718
5151
5666
6376
6300
5648
4037
4017
5762
6327
5103
5758
6873
5761
5154
5728
6283
5183
4614
4168
6312
6284
5612
6917
5770
5691
5270
6270
5210
5615
5168
5093
5310
5183
5106
5147
6937
6386
5131
5683
6308
5671
5736
5112
5793
5216
6251
5172
5718
4716
4578
6226
5299
5732
6297
5748
5163
6367
6372
6336
5790
5733
6285
4507
5075
5766
5137
5668
5676
6434
5822
5571
4625
5771
6316
6366
6290
5241
5653
5655
3947
5785
7397
4102
5156
5705
5100
4452
5755
5719
5749
4593
5755
5818
4598
5222
5804
5222
5185
5764
6829
5662
6232
5129
5144
3464
6910
6366
5233
5194
5228
6197
4659
6281
6904
6334
5716
5143
4390
5129
5678
6194
5268
5717
5135
4589
5214
6311
6305
5167
5742
5060
5227
6254
5698
5173
4628
6270
5157
6248
4554
5761
5099
5646
5704
5776
5656
5750
5686
6290
5804
5657
4641
4599
4633
5110
6246
6243
4657
3461
6319
5693
6202
5779
6949
5146
4472
6255
6332
6899
5820
6274
5718
5678
4688
6243
5751
5073
5219
8054
4652
6755
4627
5755
6236
4061
5146
5633
5710
5196
5134
5713
6281
5133
5688
5741
5629
6229
5207
5672
5185
3946
5141
5045
5131
5738
5780
5186
5629
5703
5682
5109
5198
5116
6250
4548
6274
6407
5747
5191
5571
5757
5705
4545
3958
5706
5692
4476
5314
6896
5625
6278
5156
6301
6333
5736
4642
5733
5752
6354
5734
5660
5779
6311
4008
6947
5738
5785
5624
6274
5760
4529
5752
5807
5233
5189
5717
5700
6299
5185
5656
4712
7475
6278
6306
6322
5246
6364
6830
5208
5164
5770
6288
6369
4010
5609
5203
6755
5768
6212
5779
6280
5646
6237
5217
5795
6816
4676
4592
4065
5781
6886
4609
5175
5811
5738
3469
5091
5732
5665
6866
5715
4610
5154
6279
5285
6362
6850
6320
4613
5193
4576
5754
5723
4636
5632
4019
5685
4536
6425
5166
5131
5083
5808
5223
5359
5221
5758
4685
4643
5706
6834
4492
5767
5149
5203
5185
5221
4749
4109
5677
5267
5740
5121
5652
6285
5820
5793
5762
6912
5789
6295
4577
4593
5198
6366
6364
6205
6305
3997
5681
5634
5766
6182
5264
5612
5113
5661
5170
5160
3364
3937
5152
6773
5058
4623
6353
5114
5081
5715
5676
4635
5786
6347
4669
4084
4718
5087
5179
4554
4500
5204
6269
5251
5646
6780
5713
4484
5058
5136
4589
5733
5142
5255
6897
6265
6401
5187
5129
4632
5806
5659
4037
6283
5117
4640
4026
5788
5676
6314
6838
4708
5107
4733
5255
6120
5712
5174
5740
5083
5680
6275
6221
4029
5593
6786
5621
5032
5675
5163
4003
4731
6857
5079
5783
4642
5906
5091
6401
5744
6166
4550
5186
6171
5632
5802
5261
5758
5652
6857
5137
5827
4591
5853
5077
6299
5728
6831
6895
6158
5746
5127
4477
5264
6875
5268
5214
4578
5182
5727
5729
5112
4724
5162
5174
6254
5737
4569
5140
6375
5100
6317
5659
5642
5742
6754
5721
4698
5726
6316
5230
5128
5751
5189
4580
6216
3987
6307
5702
5228
5677
5088
5063
3960
6285
5793
5745
5123
7458
4636
5171
5735
6833
5311
6867
5162
6342
4547
5662
6824
5734
5240
4658
5723
3526
5059
5286
4064
6336
5732
4561
4563
5790
5711
5189
5726
4975
6843
4702
5709
5094
5713
5715
5750
5675
5774
6354
5120
5228
6246
5711
5152
5757
5147
5722
4586
6347
6306
5733
5596
6373
4520
5199
4539
4612
4536
6270
5215
5741
4571
5237
5189
5082
4589
4402
5205
5701
6233
4072
5100
6284
5154
5710
4021
5726
5188
5163
4097
5233
7419
5188
5287
7436
5738
5672
6298
5130
6357
5727
5746
5518
5761
4642
5677
7371
5742
5801
5747
5626
5738
5179
5184
5142
4471
6374
5620
6856
5179
5660
6254
6285
4683
5174
4704
5748
5721
4010
7292
6353
6361
5737
5786
6277
4560
5778
5703
5146
5065
6798
5835
5200
4541
5717
5566
6879
5229
5833
4635
4699
5236
5662
5675
5774
5709
5705
4603
6422
6254
5732
5156
5757
5698
6267
5810
6805
5774
5707
5784
6328
4598
5764
6919
5747
4386
6333
4525
5705
6283
5105
6850
6265
5738
4649
5811
4526
4587
4625
5176
4511
6907
5709
4623
4715
4546
6776
4594
5192
5214
6238
5142
5135
5791
4965
4493
5715
6274
5647
6210
6190
4579
5104
5640
5038
5173
4664
6925
5181
5719
5652
5147
6919
5755
6872
6946
4551
6287
5122
4600
5707
5701
5142
4033
5696
6156
5232
5618
5688
5246
5583
5618
5809
6365
4594
6229
5161
5696
5718
4592
5162
6840
5099
5647
6267
5213
5198
6298
6238
4615
6441
6257
5218
5768
4618
6302
4605
5149
6310
5670
5709
6306
5809
5085
5769
5046
6306
5792
5129
5302
6914
6143
6231
6314
6288
4633
5658
5801
5147
4564
6212
5665
5677
5781
4482
6291
6317
5682
5143
6217
5640
5011
6193
6219
4533
5682
6342
6345
5150
5110
7389
5663
5695
5213
4554
5806
5628
3944
5758
6344
5688
5698
6337
4649
6331
5143
5313
6294
5741
6325
6194
6786
5783
4618
5911
6264
4530
5100
5672
4647
4671
5127
6220
6231
5144
5246
5180
6239
5179
5104
5195
5208
5808
7364
5185
5842
5199
6259
6338
6921
6247
5624
5768
6257
5776
5192
5192
5109
5022
4620
5681
5612
5128
6345
5546
3987
5181
5264
5287
6229
5734
4621
5821
4581
5652
5114
6896
5687
5761
5185
6267
5615
4655
5070
6921
6858
6257
5124
5731
6293
6810
5704
5682
6296
6278
6783
5613
6830
4587
4604
5059
5205
5626
6259
5704
5767
6303
6285
5123
5789
3517
5598
5723
5254
6199
5208
6878
5737
7997
5717
6304
5118
6364
6330
4549
6839
5708
4548
5055
6246
5741
5177
5165
6186
5206
6200
4677
4948
4676
5184
4559
6341
4081
6912
5710
5131
5172
5725
5196
5207
5649
6280
5157
5672
5758
6258
5142
6884
7381
6307
6238
5175
5711
5653
6760
6260
5733
4441
5099
5175
4583
5255
6358
5714
5186
5715
4599
5736
4544
5770
5727
5663
6942
4587
6228
4573
5706
5213
6322
5289
5152
4676
5193
5090
4043
6285
3984
4701
4529
6345
6196
4560
5117
4588
5793
6810
6908
6313
5643
5641
5716
5009
5314
6866
4489
5189
4058
6126
5734
4053
5726
6337
5159
5782
6317
7514
5683
6301
5632
5230
5741
4481
5706
5719
5188
4574
5836
5772
6297
5081
4515
6211
5737
5141
5297
5748
4579
4461
6226
6824
6299
4521
5655
4562
4600
5163
6260
5079
5637
5194
6259
5615
5134
5213
5142
5097
5766
6282
5595
6342
5055
6321
5798
5771
5718
5248
4606
5696
7452
6267
5357
5214
4635
5600
5725
5688
5753
5105
5772
6301
4560
6251
6896
5806
5750
5167
6367
5754
5094
5764
5280
5768
5681
5157
4644
5813
5272
7443
5791
5664
6223
5754
5743
5783
5180
4472
5794
5146
5169
6300
5716
5306
4647
5682
6353
3913
5203
4082
4563
6294
5663
5160
5747
6353
5059
5171
4644
6337
4598
6769
4072
5205
5680
5130
5696
6333
5744
6410
5765
6235
6854
4624
5137
6332
6304
7424
5684
6300
6239
6282
5811
5120
5195
4508
5746
6301
5701
5194
6831
5825
5730
4521
5774
5679
5024
6860
6346
6806
6301
5133
4415
5674
5164
5722
5119
4579
5777
5177
3503
5704
4695
5168
5655
5769
6958
6290
5707
4562
6326
6885
5193
5291
5694
4620
5162
5819
6326
6266
5686
5740
5736
5725
6874
6205
6916
6362
3889
6247
5037
5679
6312
5154
5239
5733
5269
5664
6203
6175
5173
6813
5697
5746
5125
6340
5732
5141
5154
6252
5777
5728
5180
7418
6363
5170
4555
5742
6330
6331
5748
4662
5706
5703
5706
5764
4650
3383
5759
5691
6865
5650
5544
5030
4518
5122
5752
5771
4068
6353
6205
5216
5712
7437
4574
7388
6286
6333
5070
5155
4615
5748
4505
5671
6878
5625
5820
5696
5100
5766
5030
5185
4661
5093
4562
5106
5695
5571
6262
6971
4668
5172
