-9449
-9341
-8976
-9588
-9209
-9549
-9474
-9458
-9133
-9399
-9415
-9203
-9306
-8991
-9313
-8924
-9464
-9247
-8979
-9240
-9498
-9105
-9476
-9170
-9019
-9475
-9576
-9321
-9174
-9368
-9092
-9550
-9113
-9332
-9235
-9175
-9483
-9277
-9311
-9340
-9374
-9286
-8964
-9459
-9500
-9160
-9393
-9255
-9415
-9427
-9227
-9052
-9226
-9017
-9187
-9246
-9367
-9458
-9283
-9247
-9430
-9098
-9191
-9104
-9413
-9042
-9314
-9711
-9314
-9451
-9527
-9043
-9742
-9242
-9180
-9475
-9338
-9231
-9645
-9909
-9188
-9003
-9450
-9251
-9010
-9301
-9122
-9204
-9436
-9395
-9614
-9086
-9276
-9209
-9327
-9273
-9273
-9371
-9214
-9475
-9148
-9512
-9242
-9247
-9244
-9317
-9367
-9195
-9304
-9407
-8793
-9405
-9256
-9241
-9273
-9474
-9158
-9454
-9390
-9149
-9476
-9097
-9075
-9330
-9393
-9249
-9373
-9323
-9342
-9171
-9364
-9546
-9476
-9342
-9015
-9445
-9282
-9286
-9550
-9599
-9243
-9131
-9258
-9123
-9293
-8765
-9091
-9592
-9175
-9142
-9352
-9111
-9027
-9207
-9268
-9227
-9346
-9381
-9490
-9239
-9087
-9500
-8874
-9131
-8972
-9119
-9184
-9448
-9231
-9467
-9499
-9242
-9432
-9300
-9295
-9539
-9020
-9479
-9098
-9500
-9270
-9178
-9379
-8850
-9046
-9274
-9386
-8959
-8761
-9424
-9210
-9115
-9169
-9297
-9361
-9254
-9304
-9105
-9450
-9030
-9387
-9670
-9076
-9374
-9028
-9332
-9267
-9024
-9373
-9451
-9032
-9412
-8954
-9290
-9198
-9286
-9019
-9738
-9387
-9186
-9240
-9526
-9210
-9257
-9002
-9391
-8867
-9049
-9478
-8948
-9112
-9126
-9210
-9205
-9243
-9169
-9266
-9483
-8948
-9206
-9255
-9571
-9167
-9314
-9023
-9129
-8861
-9299
-9189
-9160
-9310
-9402
-8934
-9236
-9174
-9141
-9149
-9061
-9075
-9011
-9116
-9070
-9148
-8737
-9114
-9028
-9298
-9368
-9212
-9126
-9200
-9472
-9352
-9267
-9315
-8962
-9282
-9326
-9297
-9184
-9054
-9563
-9273
-9363
-9103
-9457
-9675
-9343
-9304
-9332
-9255
-9406
-8933
-9027
-9248
-9412
-9197
-9352
-9585
-9359
-9073
-9213
-9368
-8757
-9436
-9124
-9157
-9254
-9398
-9144
-8881
-9244
-9144
-9340
-9516
-9384
-8851
-9165
-9148
-9306
-9178
-9166
-9271
-8741
-9086
-9276
-9132
-9289
-8938
-9367
-9388
-9269
-9398
-9439
-9196
-9086
-9333
-9176
-9052
-9294
-9170
-9379
-8921
-9148
-9338
-9052
-9260
-9145
-9339
-8938
-9485
-9042
-9629
-9040
-9187
-9032
-9247
-9241
-9382
-9231
-9177
-9333
-9259
-9179
-9121
-8814
-9434
-9190
-9198
-8933
-9081
-8944
-9137
-9014
-9032
-9208
-9199
-9203
-9578
-9247
-9083
-9190
-9125
-9305
-9124
-9347
-9483
-9188
-9369
-9452
-8879
-9279
-9343
-9135
-9226
-8862
-9571
-9425
-9537
-8946
-9284
-9232
-9146
-9255
-9548
-9640
-9119
-9305
-9565
-9257
-8979
-9313
-8993
-9118
-9180
-9437
-9412
-9285
-9177
-9023
-9295
-9054
-9191
-9496
-9249
-9293
-9425
-9113
-9000
-8978
-9447
-9280
-9918
-9183
-9441
-8962
-8990
-8995
-9335
-9019
-9031
-8994
-9084
-9453
-9139
-8966
-8936
-9356
-9010
-9153
-9045
-9217
-9057
-9047
-9278
-9197
-9165
-9246
-8942
-9323
-9306
-9233
-9149
-9066
-9003
-9315
-9422
-9358
-9401
-9250
-8952
-8901
-9430
-9096
-8868
-9369
-9195
-9060
-8931
-9124
-8934
-9096
-9364
-9345
-9111
-9121
-9115
-9045
-9133
-9320
-9398
-8760
-9544
-8710
-9181
-9401
-8943
-9374
-9239
-9146
-9430
-9241
-8974
-9544
-9451
-8796
-9201
-9134
-8992
-9065
-9078
-9152
-9185
-9265
-8907
-9137
-9297
-9004
-9277
-9608
-8914
-8930
-9135
-9444
-9409
-9003
-9005
-9143
-9029
-9292
-9048
-9343
-9330
-9055
-9014
-9015
-9033
-9197
-8825
-9106
-9264
-9062
-9368
-9386
-9016
-8697
-9135
-9089
-9197
-9261
-8781
-9044
-8991
-9462
-9112
-9276
-9170
-9119
-9027
-9094
-9237
-9274
-9221
-8911
-8795
-8968
-9428
-8960
-8769
-9251
-9366
-9284
-9362
-9310
-9235
-8903
-9051
-9159
-9225
-9288
-9091
-9196
-9063
-9207
-9341
-9060
-8969
-9343
-9270
-8931
-9036
-8814
-8849
-9077
-9310
-9113
-8890
-9180
-9231
-9241
-8955
-9414
-9032
-9371
-8917
-9275
-8985
-8937
-8960
-9438
-8730
-9185
-9268
-8988
-9120
-9184
-9081
-8799
-9051
-9313
-9212
-9008
-9099
-9393
-9057
-9586
-9124
-8990
-9076
-9064
-9339
-9034
-9150
-9131
-9450
-8748
-8810
-9415
-9018
-8987
-9236
-8964
-9271
-9359
-9033
-9123
-9483
-8889
-9412
-8873
-8907
-9259
-9083
-9169
-8830
-8846
-9049
-9295
-9022
-8893
-9018
-8949
-8969
-9280
-9359
-8784
-9141
-9230
-9057
-8922
-9054
-9028
-9208
-8774
-9233
-8905
-9141
-8772
-8856
-9162
-8990
-8760
-9111
-8790
-9214
-9374
-9068
-8944
-9279
-9007
-9366
-9162
-9118
-9072
-9325
-8947
-8996
-9255
-9122
-9016
-8952
-9144
-9307
-8729
-9230
-9080
-9113
-9250
-9366
-8903
-9033
-9074
-9224
-9103
-9137
-9236
-9127
-9482
-9259
-8893
-8973
-8685
-9142
-9145
-9254
-8757
-8981
-9427
-9219
-8808
-8868
-8784
-9094
-8856
-9047
-9189
-8953
-9088
-9081
-8720
-9246
-9190
-9155
-9208
-9332
-9242
-9202
-8995
-9396
-8848
-9403
-9256
-9326
-9095
-9090
-8946
-8936
-9525
-9257
-9272
-9361
-9019
-9297
-9115
-9304
-9045
-9085
-9044
-9062
-8991
-8676
-9310
-9227
-9182
-9415
-9120
-9212
-9193
-9044
-9022
-9221
-9145
-8946
-8859
-9151
-8925
-9213
-9241
-9288
-9056
-8940
-9204
-9169
-9142
-8951
-9230
-9143
-9361
-8955
-9154
-9179
-9141
-8957
-9120
-9135
-8879
-8928
-9048
-9209
-9186
-9088
-9269
-9043
-9043
-9149
-8934
-9092
-8981
-9336
-8826
-8765
-9393
-9315
-8847
-9021
-9130
-9138
-9136
-8846
-9057
-9031
-8857
-9258
-8935
-8835
-9203
-9390
-8951
-9282
-8999
-8946
-9143
-9569
-9091
-8740
-9185
-8782
-9266
-9279
-8761
-8800
-9417
-8728
-9109
-9054
-9116
-8988
-9073
-9064
-9233
-8755
-9112
-9176
-9195
-8897
-9108
-8927
-9043
-9208
-9096
-9088
-9138
-9046
-9239
-9205
-8938
-9012
-8893
-8976
-9154
-9205
-9186
-9367
-9075
-8750
-9210
-9366
-9250
-9236
-9048
-9295
-9003
-9234
-9278
-9224
-9022
-8894
-9069
-8889
-9004
-9361
-9134
-9085
-8876
-8988
-9358
-8521
-9226
-9265
-8852
-9024
-9114
-8780
-9043
-9181
-9252
-8937
-8884
-9214
-8999
-9429
-8984
-9339
-9108
-9198
-9084
-8908
-9397
-9255
-8880
-9311
-8902
-9065
-9241
-8997
-8652
-9208
-9027
-9106
-9233
-8804
-9196
-8780
-9068
-9159
-9070
-8954
-9182
-9319
-8751
-9274
-8789
-9366
-9282
-9235
-9119
-9152
-9154
-9396
-8890
-9051
-8809
-9046
-8871
-8820
-8786
-9095
-8908
-9087
-8997
-8817
-9013
-9423
-8787
-8982
-9199
-9172
-8878
-9139
-8623
-9103
-9073
-9313
-9004
-8668
-9296
-8785
-8869
-8907
-9069
-9185
-9052
-9327
-8909
-8794
-9249
-8799
-8781
-9223
-9029
-9124
-8972
-8997
-8902
-9152
-8897
-9011
-8928
-9096
-9108
-9021
-8979
-8990
-9132
-8947
-8804
-9083
-9036
-8706
-8788
-9205
-8803
-8990
-9056
-9146
-9087
-8826
-9017
-9190
-9315
-9138
-9202
-9100
-9254
-9051
-8953
-8829
-8893
-9262
-8823
-9181
-9078
-8640
-8870
-9111
-9097
-9104
-8833
-9051
-9160
-9232
-9190
-8915
-9188
-8985
-9274
-9043
-8978
-8730
-9192
-8974
-8652
-8996
-8850
-9067
-8724
-9255
-8909
-9011
-8839
-8952
-9013
-8920
-8741
-8785
-9078
-9039
-8976
-8866
-9056
-9009
-8714
-8811
-8805
-9123
-8619
-9029
-8960
-9294
-8867
-9139
-9235
-8699
-9319
-8896
-9126
-9484
-8967
-8944
-8956
-9256
-8858
-9436
-9361
-9190
-8986
-9211
-9080
-8932
-9262
-8973
-9072
-9115
-9374
-8868
-8845
-8947
-9284
-9174
-8981
-9240
-9114
-8957
-9129
-9101
-9223
-9157
-9084
-9109
-9140
-8739
-9071
-9021
-8903
-9138
-8999
-8836
-8829
-8907
-9274
-9002
-8990
-9026
-8902
-8973
-8859
-9237
-9121
-8712
-9427
-9134
-9051
-8856
-8684
-9251
-9215
-9063
-8543
-9217
-9197
-9123
-8811
-9008
-9019
-8863
-8886
-9168
-8924
-8656
-9094
-8794
-9139
-9348
-8689
-9324
-9043
-8974
-9199
-8811
-9067
-8808
-8744
-9081
-8989
-9152
-9077
-9028
-9205
-9282
-8807
-9024
-8798
-9328
-9039
-8982
-9137
-8916
-9266
-8998
-9364
-9287
-9233
-8959
-9159
-8839
-8923
-9265
-8775
-9220
-8754
-9181
-9193
-8987
-9058
-8780
-9215
-9694
-8830
-9188
-8731
-9322
-9327
-9178
-9074
-9013
-9199
-9259
-9137
-9257
-8700
-9456
-9193
-8784
-9078
-9141
-8878
-9094
-8895
-9034
-9239
-8987
-9017
-8755
-9236
-8944
-8671
-9236
-8834
-8827
-9219
-9270
-9357
-9285
-8998
-9096
-8934
-9197
-8991
-9032
-8963
-9043
-9318
-9113
-8908
-9286
-8980
-9100
-9181
-8994
-8918
-8801
-9001
-9073
-9135
-9409
-9047
-8992
-8919
-8974
-9235
-9313
-9084
-9040
-9266
-8828
-8932
-9235
-8974
-9043
-8889
-9593
-9243
-8873
-8848
-9384
-9032
-9224
-9152
-9137
-8956
-9280
-8810
-8982
-8888
-9020
-9272
-8693
-9006
-8604
-8954
-9316
-9160
-9250
-9105
-9390
-8894
-8994
-8792
-9123
-8967
-8948
-8971
-9277
-9026
-9129
-9033
-9095
-8954
-9226
-9030
-9137
-8631
-9135
-9043
-8976
-9109
-9296
-9162
-9006
-8942
-8618
-8807
-9340
-9115
-8949
-8775
-9231
-9169
-8975
-9427
-9063
-9402
-8908
-9079
-9007
-8833
-9149
-8979
-9042
-8822
-8946
-8965
-9156
-9302
-9218
-8832
-8911
-8974
-8781
-8955
-9029
-8988
-9187
-9007
-8685
-9008
-8977
-9164
-8960
-9110
-8893
-9309
-9028
-9060
-9014
-8957
-8634
-8984
-8868
-8870
-9121
-8942
-9034
-9112
-9268
-9101
-9486
-8872
-9030
-8721
-8980
-9112
-9090
-8971
-8798
-9124
-8859
-9121
-9095
-9089
-8981
-8877
-9201
-8825
-9240
-8638
-8987
-9015
-8786
-8645
-8866
-9169
-9168
-9093
-8782
-9178
-9207
-9132
-9250
-9305
-9276
-9435
-9084
-8501
-9204
-8889
-9131
-8788
-9133
-9144
-9087
-9191
-8656
-9029
-9201
-9164
-8876
-8740
-9022
-8834
-9036
-8582
-8762
-9161
-9023
-8883
-9029
-8941
-9152
-9389
-9259
-9010
-9019
-8929
-9018
-8734
-8907
-8945
-9304
-8853
-9138
-9143
-8870
-9105
-8763
-8852
-9333
-8963
-9005
-9309
-9223
-8881
-9379
-9171
-8975
-8801
-8755
-9166
-8871
-8690
-8820
-9042
-9152
-8813
-9078
-8880
-9080
-9133
-9093
-8988
-8843
-9184
-9291
-8836
-9132
-9064
-9151
-9060
-9156
-8763
-9236
-9291
-9054
-9125
-9146
-8789
-8836
-9322
-8910
-8830
-8815
-9030
-8889
-9133
-8872
-8927
-8588
-9072
-9223
-8911
-8652
-9101
-8745
-9058
-8840
-8870
-8985
-8937
-9286
-9353
-9115
-9235
-9062
-9230
-8663
-8998
-9184
-8819
-8883
-9037
-9117
-8696
-8524
-9142
-8982
-8994
-9079
-9117
-8730
-8851
-8942
-8991
-8889
-8697
-8889
-9103
-9063
-9358
-9135
-9122
-9265
-9172
-9148
-9339
-8948
-9086
-9157
-9089
-9338
-9131
-9092
-9226
-8910
-9319
-9426
-9160
-9289
-8824
-8969
-8924
-8918
-8815
-9033
-8714
-8923
-9138
-9090
-9062
-9035
-9048
-8879
-8662
-8992
-9100
-8808
-9218
-9142
-9018
-8835
-9071
-9237
-9029
-9025
-9533
-8984
-8746
-9325
-8842
-9072
-9134
-9169
-8791
-8923
-8712
-9183
-9291
-9114
-8696
-8863
-8713
-9018
-9078
-8790
-8846
-8856
-8821
-9066
-8887
-8967
-8772
-8925
-9072
-9465
-8833
-9278
-8791
-8792
-8666
-9113
-9056
-9142
-8853
-8955
-9185
-8869
-9130
-9087
-8983
-9170
-9114
-8778
-8680
-8842
-9029
-9216
-9079
-9095
-9064
-8683
-8797
-8683
-9148
-9108
-8759
-9058
-8704
-9038
-9009
-8924
-9013
-9231
-9187
-9012
-8887
-9274
-8708
-9130
-8862
-8808
-8907
-9374
-8982
-9097
-9212
-9091
-9145
-9132
-9184
-9042
-9043
-8660
-9468
-9008
-9181
-9295
-8768
-8792
-9052
-8894
-8632
-9303
-8507
-9209
-9012
-9019
-9043
-8921
-9150
-9085
-8872
-8416
-9434
-9064
-8992
-9436
-9091
-8963
-8876
-9281
-9053
-8918
-9012
-9020
-8924
-9010
-9119
-8847
-9112
-8934
-8986
-9037
-8805
-9389
-8929
-9147
-9560
-9112
-8836
-9162
-9328
-9031
-9364
-8948
-8868
-9092
-9235
-8706
-9087
-9108
-9123
-9231
-9133
-9285
-8898
-9047
-9391
-8991
-8825
-8761
-8612
-9174
-8760
-8826
-9216
-8883
-8627
-9268
-8724
-8725
-9165
-9139
-9351
-9166
-8743
-9254
-9170
-8994
-8861
-8775
-9146
-8929
-8766
-9103
-9028
-8898
-9148
-8897
-8968
-8784
-8900
-8980
-9023
-8946
-9003
-8874
-8758
-8683
-8977
-8926
-8857
-9168
-9070
-8734
-8997
-9048
-9195
-8708
-9131
-9069
-9136
-8968
-8985
-8953
-9098
-8771
-9088
-9267
-9369
-8761
-9093
-8839
-9025
-9035
-9064
-9346
-8969
-9041
-8911
-8984
-9366
-8980
-8870
-8918
-9179
-8935
-9256
-8798
-9030
-9050
-9051
-8636
-8996
-8957
-8920
-8967
-9189
-9200
-9219
-8915
-8766
-8916
-9026
-8805
-9325
-9011
-8966
-9016
-8961
-8613
-9145
-9173
-9137
-9127
-8852
-9010
-9073
-8820
-8951
-9098
-9108
-8870
-8908
-8742
-8987
-8974
-8947
-8895
-8784
-8943
-9255
-8704
-9244
-8871
-9108
-9172
-9268
-8803
-9088
-8595
-9047
-9311
-9311
-9182
-8847
-8644
-8824
-9303
-8860
-8979
-9206
-8854
-8967
-8971
-8872
-8712
-9029
-8889
-8775
-8905
-9117
-8759
-8862
-9001
-8774
-8997
-8870
-8613
-8939
-8980
-8808
-8914
-8766
-9137
-9080
-9064
-9196
-8789
-8843
-8978
-8918
-9056
-9031
-9237
-9191
-8922
-8704
-8954
-9194
-8684
-8775
-9134
-9271
-9021
-9041
-8768
-8912
-9130
-8829
-8935
-8933
-9018
-8924
-8812
-9146
-9156
-9123
-8909
-9042
-9098
-9011
-9028
-9118
-9202
-9557
-8925
-9111
-8836
-8926
-8971
-8906
-8981
-8903
-8988
-9102
-8955
-9018
-9040
-8875
-9275
-9233
-8971
-9171
-9125
-8989
-8864
-9004
-9256
-8887
-9242
-9319
-9245
-8822
-9054
-9005
-9182
-8860
-9210
-8890
-8813
-9143
-9182
-9088
-9072
-9174
-8853
-8858
-9111
-9157
-9093
-8930
-8979
-9191
-9001
-9078
-9086
-8745
-8851
-8918
-8978
-8868
-9154
-8665
-9131
-8937
-8569
-9060
-8753
-8835
-8719
-8969
-8868
-8827
-8757
-8825
-9371
-9037
-8915
-9131
-8923
-8794
-8800
-8985
-9100
-8707
-9083
-8962
-8860
-8976
-9042
-8982
-8882
-9204
-9102
-9281
-9204
-8951
-9010
-9246
-9062
-9181
-8682
-8802
-8749
-9032
-9055
-8641
-8702
-9049
-8981
-8934
-8930
-9063
-8842
-8898
-9191
-9313
-8944
-8967
-8709
-9440
-8960
-8874
-9177
-8863
-8906
-9222
-8846
-9009
-8988
-9020
-9297
-8898
-8874
-8950
-8785
-8643
-8819
-8980
-9244
-8817
-9046
-8930
-9093
-8963
-8902
-8711
-8961
-9190
-8875
-9161
-9156
-9220
-8983
-8858
-8663
-9009
-8902
-8703
-9190
-8795
-8928
-8680
-8480
-9027
-8926
-8871
-9143
-8735
-8920
-8797
-8957
-8805
-8767
-8802
-9201
-9095
-8993
-9087
-8994
-9162
-9039
-8930
-9086
-8798
-8782
-8687
-8907
-8661
-8736
-9105
-8915
-8642
-8938
-8871
-8921
-9158
-9060
-8984
-8855
-8961
-8960
-9193
-9015
-9082
-9311
-8809
-9094
-9174
-9001
-8885
-9216
-8839
-8985
-8736
-8808
-8661
-9056
-8955
-8744
-8939
-8811
-8727
-8954
-8830
-8997
-9066
-9182
-8872
-8868
-8802
-9113
-8772
-8898
-8648
-8735
-9006
-8799
-9199
-8852
-9084
-9201
-8928
-8942
-9090
-9159
-9115
-8903
-8671
-8923
-8707
-8867
-8818
-9231
-8988
-8882
-9096
-8882
-9330
-9094
-8912
-8575
-8699
-8837
-8734
-9067
-8646
-9109
-9034
-9018
-8731
-8715
-8903
-8855
-8933
-8824
-8854
-9017
-8961
-9103
-9255
-8872
-8629
-8902
-9104
-9188
-9185
-9040
-8685
-8934
-8894
-9105
-9120
-9068
-9031
-9004
-8917
-9132
-9015
-8977
-8594
-8635
-9361
-8839
-9129
-8863
-8788
-9044
-8634
-8791
-9088
-8899
-9287
-8864
-8775
-9176
-9063
-8760
-8895
-8871
-8879
-9047
-8586
-8909
-8978
-8879
-9070
-9102
-8861
-9089
-9020
-9052
-9217
-8988
-8549
-9064
-9280
-8991
-8772
-8893
-9024
-9102
-9061
-9051
-9037
-9145
-9091
-9027
-8839
-8936
-9037
-8859
-8897
-8802
-8999
-8851
-8795
-8894
-8913
-9018
-8966
-8642
-8503
-8930
-8730
-8983
-8857
-8934
-8705
-8916
-8690
-9197
-8877
-9308
-8865
-9182
-9060
-9066
-9298
-8917
-8652
-9222
-8861
-8896
-8849
-9306
-9137
-9002
-8908
-8958
-8789
-8718
-8900
-8893
-8875
-8773
-8968
-8776
-9028
-9121
-8688
-9428
-9082
-8802
-8910
-9208
-9088
-9079
-9060
-9430
-8933
-9130
-9028
-8901
-8764
-9020
-8948
-8981
-8915
-8838
-9002
-9084
-8981
-8570
-8845
-8734
-9039
-8953
-9058
-9072
-9078
-9202
-8649
-9051
-9099
-9114
-9227
-8865
-9153
-9121
-8653
-9058
-9010
-8756
-9266
-8764
-8917
-8875
-8966
-8878
-8537
-9260
-9058
-9116
-8976
-8912
-9108
-9159
-9021
-8817
-8829
-8821
-8915
-8919
-8513
-9084
-8772
-8807
-8682
-8948
-9257
-9423
-9066
-9090
-9226
-9163
-8681
-9034
-9148
-8928
-8898
-9067
-9216
-9316
-9185
-9176
-9168
-9061
-8883
-8957
-9050
-8995
-9120
-9084
-8753
-8960
-8987
-8926
-9141
-8872
-8751
-9066
-8982
-9183
-9294
-9173
-8907
-8880
-9210
-9122
-9049
-8873
-9322
-8986
-8944
-9227
-8924
-8821
-9072
-9064
-8835
-8969
-9207
-9126
-8917
-9062
-9039
-9238
-8832
-8898
-8811
-8991
-8882
-9105
-8892
-8911
-8882
-8815
-8741
-9103
-8973
-8955
-9165
-9137
-9131
-8879
-9331
-9166
-8885
-8701
-8669
-9235
-9037
-8784
-8916
-9372
-8877
-9073
-9000
-8761
-9104
-8919
-8679
-8926
-9003
-9102
-9282
-8723
-8630
-9090
-8923
-8810
-9369
-8925
-9161
-8962
-8945
-9295
-8878
-8994
-9234
-8657
-8772
-9224
-8975
-8861
-9091
-9076
-8692
-8950
-9428
-9118
-9006
-8920
-9006
-9247
-9081
-9049
-8874
-9021
-8952
-8844
-8728
-8951
-8985
-8985
-9100
-9310
-9158
-9505
-9478
-8875
-8857
-9107
-8845
-8779
-8929
-9161
-9125
-9014
-8831
-9080
-8677
-9407
-9051
-8945
-9015
-9104
-8547
-9117
-8819
-8835
-8913
-8953
-9249
-8919
-8978
-9020
-8780
-9208
-8898
-9282
-9032
-8651
-8915
-8824
-8942
-8858
-8742
-8812
-8546
-9025
-8857
-9091
-8974
-8837
-8964
-9301
-9420
-9327
-9020
-9071
-8654
-8933
-8976
-8695
-9033
-8859
-9174
-8845
-8774
-8904
-9155
-8632
-8971
-9046
-8859
-8918
-9082
-9236
-9069
-9018
-9224
-8897
-9234
-8879
-8839
-9061
-9036
-8853
-8682
-9151
-8703
-8648
-8874
-8884
-9032
-8864
-9076
-9135
-9081
-8939
-8974
-8961
-8928
-8698
-8734
-9191
-8916
-9088
-8939
-9039
-9007
-9053
-8963
-9113
-8847
-9032
-8949
-9064
-9038
-9192
-8568
-8826
-9162
-9124
-8782
-9072
-8735
-8833
-9107
-8852
-9011
-8934
-9193
-9232
-9103
-9246
-8853
-9254
-8995
-8440
-8846
-8967
-9142
-8699
-8865
-8868
-9053
-9053
-8939
-8792
-8701
-8967
-9001
-8887
-8995
-9223
-8771
-9126
-9141
-8886
-8726
-8636
-8951
-8925
-9229
-8812
-8929
-8551
-9056
-8817
-9049
-8841
-8821
-8739
-8986
-9038
-8901
-9016
-8807
-8674
-9551
-9019
-8962
-8591
-9042
-8937
-8667
-8841
-9074
-8964
-8822
-9191
-9012
-8801
-8837
-9076
-8933
-8988
-8701
-8658
-9038
-9140
-9466
-8957
-8731
-8976
-8901
-9072
-8879
-9028
-9115
-9000
-8804
-9046
-9091
-9040
-8779
-9031
-8946
-9038
-8830
-8658
-8784
-8729
-8699
-9110
-9233
-8628
-8913
-8626
-9048
-8691
-9246
-8669
-9190
-8778
-9391
-8842
-9190
-9152
-8851
-9073
-8974
-8950
-8877
-8826
-9110
-8952
-9028
-9086
-8822
-8962
-8838
-9080
-8879
-9100
-9170
-8986
-9081
-8724
-8996
-9131
-8711
-9249
-8915
-9506
-8866
-8719
-8586
-8994
-8682
-9070
-8786
-9020
-9215
-8923
-9063
-8980
-9059
-9105
-8846
-8767
-9111
-9092
-9255
-8974
-8751
-8969
-8920
-8682
-9010
-9044
-9345
-9014
-8674
-8979
-8622
-8958
-8689
-9215
-9033
-8903
-9326
-8967
-9058
-9001
-9095
-8738
-8895
-8967
-9084
-9193
-8739
-8742
-9048
-8810
-9422
-8991
-8939
-9114
-8686
-8857
-9058
-8783
-8809
-9366
-8981
-8856
-9108
-8965
-8949
-9137
-9210
-8826
-9223
-9186
-9023
-9080
-8967
-8960
-8916
-8765
-9084
-9287
-8949
-9083
-8894
-8954
-9101
-9200
-8837
-8771
-9179
-8978
-8874
-8755
-8699
-9096
-8764
-9172
-9122
-9375
-9262
-8909
-8996
-9063
-8969
-8879
-9217
-8963
-9074
-9276
-8918
-9160
-8532
-8759
-9095
-8949
-8740
-9163
-9015
-9024
-9622
-8562
-8628
-8961
-9150
-8907
-8889
-8741
-8950
-9153
-9126
-9095
-8968
-9064
-8967
-8839
-8743
-9041
-8719
-8978
-8857
-9095
-9012
-9245
-8862
-9265
-9021
-8880
-8812
-8673
-9020
-8800
-9192
-8497
-8656
-8498
-8757
-8645
-9178
-8840
-8867
-8860
-8774
-8780
-8952
-9088
-8884
-9189
-8986
-8942
-8868
-9090
-9024
-9028
-8750
-9109
-9021
-9208
-8808
-9010
-8750
-8708
-9301
-8975
-8786
-8913
-8963
-8687
-8837
-9115
-9083
-9215
-9012
-8808
-8929
-8989
-8859
-9159
-9301
-9069
-9009
-8846
-8633
-8734
-8788
-8943
-8595
-9111
-8875
-8909
-8959
-8887
-8551
-8606
-9251
-8628
-9012
-8786
-8659
-9299
-8843
-9203
-8521
-9209
-9174
-9073
-8735
-9139
-8697
-8957
-9016
-8779
-9003
-8941
-9033
-8877
-8944
-9162
-9259
-8852
-8998
-9225
-8811
-8910
-8983
-9316
-8977
-9105
-8942
-9066
-8996
-8863
-8720
-8925
-8902
-8779
-9270
-8968
-8967
-9074
-8912
-9452
-9012
-9009
-8916
-9120
-8686
-8911
-8810
-8891
-9172
-8890
-8918
-9139
-8725
-9009
-9096
-8823
-8953
-8920
-9056
-8980
-8853
-8514
-8889
-8974
-8890
-8860
-9360
-8668
-9213
-8810
-9334
-8696
-8833
-9062
-8859
-8803
-9210
-8940
-9107
-8823
-8743
-8956
-8946
-8722
-9226
-8808
-8795
-8650
-8922
-9227
-8781
-8963
-8975
-8965
-8851
-8705
-9603
-9055
-8729
-8801
-8763
-9184
-9085
-8746
-8740
-8957
-9282
-9067
-8756
-9099
-8849
-9047
-8827
-8623
-9336
-9065
-9042
-8802
-9128
-9289
-9130
-8969
-8741
-8798
-9043
-9005
-8980
-9313
-9129
-8974
-9019
-9136
-8886
-8859
-9116
-9331
-9401
-9249
-9194
-8956
-9122
-9360
-9002
-8064
-9369
-9268
-8815
-9051
-8851
-8687
-9226
-8846
-8987
-9031
-8913
-8926
-9513
-8793
-8662
-9083
-8795
-9009
-8998
-9413
-8988
-9385
-9041
-8742
-8633
-9054
-8618
-8732
-8890
-8691
-8859
-9149
-9194
-8933
-9069
-8883
-9013
-8579
-8702
-9194
-8966
-8824
-8796
-8882
-9250
-8985
-9060
-9030
-8896
-8919
-8763
-8952
-9261
-9394
-9185
-8721
-9059
-8971
-9053
-8703
-9280
-9076
-9084
-9071
-8836
-9207
-8741
-9213
-8656
-8908
-8899
-8762
-8974
-9110
-8827
-9091
-8872
-8849
-9091
-9165
-8891
-8889
-8976
-9048
-8904
-8928
-8996
-8970
-8965
-8735
-8660
-8952
-8904
-9062
-9009
-8912
-9065
-9074
-9049
-9176
-9048
-9319
-9019
-9089
-9202
-8756
-9179
-8835
-8889
-8636
-8901
-9049
-9321
-9052
-8767
-9035
-9253
-8986
-8851
-9254
-9161
-8844
-8795
-9107
-8773
-8985
-8679
-9058
-8532
-8864
-8757
-8804
-9117
-8833
-9615
-9001
-8950
-8964
-8809
-8859
-8953
-9139
-8980
-8737
-8840
-8946
-9215
-8724
-8956
-9131
-8802
-9000
-9036
-8729
-9034
-8899
-9148
-9006
-9026
-9282
-8946
-8831
-9013
-8911
-9029
-8995
-8830
-8975
-8984
-8687
-8971
-9045
-8863
-9298
-9127
-9126
-8932
-8960
-8987
-9176
-8962
-8873
-8464
-8815
-8909
-8677
-8950
-8945
-8557
-9050
-8880
-8861
-8840
-9019
-8813
-8892
-9171
-9049
-8857
-9094
-9150
-8655
-9022
-8809
-8976
-8824
-8738
-8830
-9020
-9086
-8462
-8969
-8977
-8858
-9136
-8610
-8768
-8883
-8632
-9218
-8849
-9070
-8958
-9019
-8909
-8896
-8873
-8935
-9470
-8882
-8980
-9341
-8799
-9116
-8905
-9066
-8999
-9024
-8966
-8916
-8933
-8807
-8886
-8949
-8581
-9031
-8924
-8711
-9344
-8893
-9005
-9083
-8487
-8794
-8820
-8850
-8701
-8871
-9261
-9000
-8907
-8936
-9129
-9049
-8815
-9287
-9129
-8946
-9160
-8998
-8829
-8958
-8859
-8963
-9112
-8807
-9218
-8944
-9161
-8772
-9110
-9020
-8777
-8415
-8873
-8958
-8797
-8972
-8975
-9323
-8982
-8892
-8963
-8912
-8807
-9009
-8979
-8626
-8813
-9098
-9136
-9236
-9021
-8933
-8963
-8946
-8391
-8950
-8749
-9046
-8801
-9038
-9047
-8797
-8920
-9132
-8641
-9157
-9025
-8962
-9016
-9128
-8882
-9018
-8861
-8998
-8853
-8840
-8863
-8934
-9247
-8766
-8836
-9013
-9021
-9168
-9036
-8975
-9005
-9110
-9192
-9029
-8968
-9337
-8957
-9057
-9178
-8700
-9119
-8697
-8999
-8951
-8928
-9033
-8746
-9020
-9038
-8952
-8821
-8986
-8993
-9491
-8885
-9028
-8768
-8771
-8755
-8697
-8600
-9025
-8872
-8744
-9095
-8999
-8789
-8967
-8733
-9159
-9191
-8911
-8936
-8850
-9058
-9139
-8836
-8919
-8971
-8671
-9122
-9073
-8836
-9277
-9170
-8735
-8462
-8685
-9309
-8890
-9111
-9033
-9226
-9062
-9116
-9210
-8885
-8845
-9298
-8706
-9048
-9072
-8852
-9365
-9037
-9007
-9131
-8961
-8966
-9338
-9047
-9327
-9042
-8915
-9069
-8890
-9015
-8734
-8716
-9022
-8733
-8895
-8861
-8792
-8781
-9018
-9116
-8949
-8852
-8904
-9086
-8742
-8960
-8793
-8968
-8845
-9345
-9259
-9104
-8819
-9077
-8858
-9236
-8986
-8595
-8943
-8650
-9020
-8983
-8999
-8923
-8918
-8908
-8832
-8907
-9215
-8942
-8741
-8675
-9211
-9131
-8914
-8904
-8762
-8994
-9084
-9276
-9213
-8842
-9259
-8747
-9093
-9021
-9082
-8924
-8901
-9189
-8911
-8707
-9095
-9281
-9226
-8855
-9083
-9113
-9077
-9116
-8814
-9164
-9026
-8714
-9413
-8967
-8945
-8881
-8783
-8869
-9021
-8811
-8836
-8894
-8880
-9217
-9281
-8871
-8855
-9043
-9058
-8798
-8905
-8961
-9028
-9098
-9000
-8835
-9084
-8875
-8911
-8924
-9192
-9138
-8977
-8860
-9062
-8972
-8917
-8804
-8648
-8996
-8919
-9017
-8595
-9432
-8777
-8973
-9087
-8778
-8844
-9031
-8915
-8865
-8891
-8939
-9006
-8838
-9082
-9139
-9124
-8997
-8806
-8770
-9071
-9043
-8679
-8775
-8919
-9072
-8754
-9214
-9024
-8901
-8984
-9124
-8914
-8523
-8950
-8965
-8851
-9224
-9012
-9067
-9210
-9090
-8966
-8774
-9132
-8860
-8931
-9152
-8931
-8966
-8785
-8916
-8765
-8853
-8691
-8676
-9153
-8908
-8943
-8649
-8993
-9348
-8794
-9218
-9161
-9013
-8794
-8840
-8684
-9168
-9076
-8873
-9248
-9113
-8543
-8698
-8865
-8668
-8878
-8749
-8475
-8835
-8783
-8965
-8902
-9475
-8926
-8954
-9121
-8062
-8830
-8982
-9086
-8860
-8870
-8889
-8882
-9204
-9126
-8859
-9200
-8896
-9048
-9083
-8944
-9017
-8785
-9070
-8846
-8955
-9105
-8816
-8875
-8819
-8939
-8581
-9043
-8778
-8882
-8817
-8863
-9123
-8980
-8938
-9031
-9294
-9140
-8995
-8566
-9135
-8761
-9182
-9038
-9006
-8915
-8906
-8720
-8828
-9031
-8603
-9317
-8865
-9084
-8763
-8751
-9034
-8769
-8751
-8695
-8896
-8897
-8934
-8995
-8901
-9275
-8900
-8880
-9057
-8800
-9025
-8956
-9025
-8834
-8758
-8934
-9041
-9076
-8887
-9164
-8623
-9056
-8676
-8881
-8986
-9159
-8710
-9082
-8932
-8772
-9017
-9078
-8893
-9313
-8685
-8655
-9343
-9065
-8962
-9110
-9193
-8727
-8548
-8639
-8683
-8762
-8944
-9064
-9179
-8833
-8820
-8849
-9017
-8601
-9243
-8912
-9131
-8810
-9050
-8776
-8546
-9338
-9066
-8649
-9083
-9223
-8849
-8917
-8691
-8895
-9058
-9031
-8746
-8721
-8632
-9280
-9220
-8929
-9102
-8586
-8809
-8871
-8864
-9081
-9297
-9117
-8993
-8806
-8849
-9045
-9226
-8857
-8981
-9111
-8331
-9175
-9106
-9211
-8557
-9172
-9158
-9030
-8861
-8934
-8938
-9067
-9160
-9006
-8994
-9081
-8929
-8907
-8592
