3538
3497
3960
5129
4008
4136
3397
4121
4613
4677
3359
3981
3434
3405
3959
4575
4031
3968
4008
3384
3553
3492
5025
4067
3420
3493
4672
3417
4021
3572
5057
4570
3878
5182
3580
4498
3493
4532
5104
4610
3336
3472
4681
4635
2775
3290
4073
1689
4583
3956
4618
4042
4511
3995
5168
3386
3495
4633
2871
4544
3934
3538
3956
4038
2904
3963
2909
4183
5179
3325
4064
5114
4578
2946
4597
4528
4064
3534
3969
3562
5207
4075
3962
4604
4670
2296
4567
3982
4036
2817
4640
4011
5136
4769
4548
5180
4675
4041
4017
4525
5644
3019
4665
4739
3456
4661
2893
3410
4021
4022
5180
4081
3526
3508
5239
4167
3445
4081
4626
5033
4037
5791
5176
4026
3973
3384
4025
2830
4637
4597
3937
3991
3351
4509
4020
4637
3481
3966
5194
3514
3360
5099
3938
3542
2835
4049
3422
3901
5213
4037
5133
4026
3340
3932
5141
4647
4566
3458
5123
4091
4528
3995
4003
3493
3989
3457
3528
3897
3954
4074
5257
4655
3398
3456
3480
4605
4007
4591
3876
3500
4717
3317
3361
3930
4540
3363
4011
4517
3350
3975
4647
4111
3359
4609
4001
4590
4636
2913
4542
4074
3864
5217
4060
4068
4611
4661
5093
5084
5217
3961
2810
4054
4678
4496
4093
3875
4185
4531
5161
4056
3463
4674
3957
4043
4065
5177
3493
2911
4653
2880
4108
3998
4553
4056
4024
4138
3898
4039
3936
3996
4642
2843
5700
4553
4637
4533
4633
3391
5642
4630
5210
4147
4755
4531
3981
4629
4001
2909
2903
4653
2269
3994
4630
4073
4730
3370
4550
4626
2881
4584
3976
4679
4626
4107
5158
4141
4445
4074
4465
3463
4597
4635
5212
3901
4142
4532
4061
3976
3371
4002
5686
3539
5085
4598
4625
4626
3996
4609
5093
4731
4543
3457
4490
4137
4056
3988
4583
5247
3932
3849
5157
3990
3925
5188
4050
4088
3977
5162
3378
3984
4563
5719
3326
4128
3505
4507
4386
4085
4089
4008
4737
5095
4592
4054
3577
3426
4630
4026
3468
5115
3417
4086
3971
4606
3892
2832
5690
5200
4624
4105
3419
4096
3544
3522
4086
5106
4578
4652
5184
4562
4596
5167
2891
4703
4600
5214
4149
4559
3442
4084
5121
4498
5078
5132
4496
5124
4636
4499
4607
3459
4548
4055
3466
4712
3480
3311
4623
3544
4082
4050
4098
3006
4080
3251
4593
5181
3650
3974
5154
5713
3472
4063
3924
3568
3445
4041
4548
4680
3494
4678
4094
5210
4511
5129
2906
5169
4651
3442
4757
4118
4009
3437
3412
4569
5161
4082
4588
5150
4618
4495
5801
4666
2913
4624
4516
3375
4713
4005
5150
4584
4537
5137
4674
3495
3521
5798
4505
4563
5158
5128
4071
4097
3955
4001
4612
4084
5017
3955
3538
4685
4551
3932
3958
5142
4591
4586
5238
3948
4581
4062
3951
4657
4650
4502
5189
5114
4057
4584
4609
4631
4594
4653
4090
5213
3492
2914
3290
5648
4013
4145
4057
4561
4029
3441
4595
5154
5179
5288
2888
4031
3417
4143
3434
4606
3475
3970
4674
4557
3948
4026
4050
4030
3541
4589
4097
4649
4618
3551
5791
4682
4128
4029
3459
4061
4793
3492
4667
4617
4011
4082
4592
4594
3537
5794
4013
4388
4569
4094
3923
4732
3920
5145
4012
3873
4052
4015
3592
4029
3425
4056
3541
4636
3912
4564
4019
3472
4001
4006
4662
4003
4596
4561
4526
4003
4622
3451
4085
5124
2838
3902
4052
3458
4659
5172
4770
4087
4707
3408
3969
3960
3963
3864
5124
4076
4008
5186
4045
3397
3537
4572
5114
3490
4592
4651
3330
4632
4654
3971
3518
5124
3046
5718
3380
4019
4605
5045
4684
4069
5191
3433
4523
4031
4559
3938
2800
5215
4607
4111
3989
3493
4065
3523
4103
4563
5149
4545
4634
4603
4557
3988
4075
5723
5040
5164
5812
3463
4643
4075
5256
4090
2266
4578
4076
3970
3653
3550
4025
4076
4143
4685
3957
3421
3996
3459
5198
4496
4639
4064
5207
4043
4786
4523
4165
3501
2832
4088
4115
5124
4588
5137
4565
5165
3442
4616
4626
4619
4567
4501
4018
4032
3297
4622
4588
5202
4627
4566
4751
5243
4700
3977
4636
4118
3964
5170
2885
3492
3550
3399
4556
5198
3381
3390
4054
5130
3557
4038
5208
4410
2894
4544
4054
4592
4068
5170
3956
4604
3825
3435
3456
3943
4513
4648
3355
5304
3446
4087
3937
4003
4650
4104
4123
4157
4088
4077
3982
4732
4087
4572
5189
3507
4586
5122
4679
3896
3440
4093
5142
5086
4600
5816
4052
4028
3966
4496
4553
4591
4563
3983
4586
4640
5211
4026
4424
3528
4609
4035
3572
3320
4033
4544
4062
5227
4052
2919
3567
3523
3522
3975
4634
3441
3497
4634
4698
3982
3995
5204
4592
5154
4065
3485
4674
3936
4123
4610
4629
4570
4459
4654
4607
4671
4074
5224
3489
2906
3993
5162
5171
4023
4070
4086
4676
4461
4560
5764
3377
4011
3986
4042
4502
4547
3947
4041
5196
4148
4036
4574
3388
4010
4084
5222
4650
5254
5764
4618
4616
4639
3996
3384
4533
4642
4069
4069
5804
5142
3503
4570
2865
4525
4058
4036
4080
4449
5284
5108
5188
4574
3912
4597
3942
3049
4642
4606
4119
4020
3511
3496
5177
3649
4088
4705
4582
3966
3438
4638
4110
3889
4045
3390
5234
4010
4124
4632
3923
4578
5084
4046
3883
3474
4077
5120
3562
4033
4032
4093
4600
3358
2752
4097
5250
3377
4669
3348
4064
4651
3472
5190
4089
4445
4095
4700
4690
4666
4021
4063
5255
4617
4615
4059
4080
4591
5185
4061
5205
4100
3989
4140
3535
4560
4647
3998
4593
4130
4153
5702
5101
3391
3848
3522
3932
4074
4670
3502
4562
4611
5775
3481
3413
4028
4630
4503
3528
5268
3971
4159
4542
3988
4587
4539
4492
5174
3290
4511
4012
3910
4051
4054
3895
4498
5042
3394
4637
4132
4038
5249
4087
5089
3971
4070
4630
3952
5123
3990
4651
3433
3448
4006
5692
4083
4042
4061
3496
3534
4064
5114
4527
4588
4090
3389
4492
4146
5814
4100
3978
4554
4459
4602
4575
4055
4110
4653
3991
4617
4520
4528
4636
3203
4107
4031
4524
5190
4641
5026
3250
4580
4617
4680
4138
5127
4773
4098
3986
4551
3994
5151
3880
4094
3945
5170
4537
4628
4549
4521
4555
4541
4662
4041
3390
4538
5134
3414
2918
3424
5745
4041
4598
6226
4630
4593
4498
4571
3836
3520
5280
4029
3299
4570
4598
3336
3543
3558
4048
4699
4655
5679
4648
5753
5113
4019
4616
4553
3008
4651
3474
4600
4017
4071
4038
4682
4590
4716
4586
5167
5235
5125
2881
4181
4055
3510
3986
4646
4045
4674
4608
4086
3961
4427
4543
4777
4060
4566
4045
4604
4021
3395
3536
4079
2914
4631
3384
5081
4009
3437
4086
3436
4034
4086
4540
4003
4179
3966
5215
4582
4003
3512
5732
3940
4126
4065
3528
5137
5178
4043
4135
5110
3991
3789
4145
4046
5229
3382
4657
3266
4555
4652
4155
3318
3497
4688
4179
4692
3460
4061
3954
4621
3461
4671
3570
3508
4078
5157
4558
5129
5749
3948
4109
4581
3494
4041
3472
4658
3567
5122
5308
4059
4168
3987
4646
4001
3545
5190
5161
4041
4040
4033
4516
5242
4523
4094
4627
4016
4565
4612
5632
4716
4566
4619
4646
4696
4074
3573
4068
5825
4498
4572
4560
2226
4021
4531
5166
4116
4566
4021
4631
4622
3858
4616
3422
5237
4114
3991
5218
4665
4511
4026
4466
5748
3978
3523
4618
4059
5678
4474
5236
4668
3443
4611
3912
5207
5049
5209
3978
3914
4014
4698
4035
5233
4483
3892
4632
4532
4105
4669
3964
4040
4483
4013
4072
2908
4029
5104
4538
4043
3926
5058
3440
5206
4088
3978
4516
3465
3933
3537
4085
5746
3888
4648
4634
2852
5270
4563
3500
4064
3990
4622
4551
2748
4675
4665
4031
4066
3963
3610
4034
5099
4566
4063
3885
5274
2903
4629
4641
4592
4054
2954
4111
3932
3929
3986
4584
3927
4016
5225
3412
5248
5214
3532
4062
4674
5000
4577
3962
4603
4539
5181
4074
3642
4565
2760
3892
4033
3942
4052
3976
4654
3381
3365
3967
5718
5211
5142
4088
2878
4087
4629
4655
4006
3489
3456
4013
5133
2876
3944
4607
3487
4007
5819
4070
4571
3992
5097
4107
4481
5162
5264
4045
3457
4117
3961
5073
4642
4545
5745
4044
4730
5099
3426
3618
3404
4615
4520
2350
3959
3998
4126
4558
3495
5283
4033
4599
3969
3535
5215
4549
5662
4005
3546
4053
3959
4047
4549
3917
3466
2922
4042
4582
3391
4707
4620
5701
4554
4063
3985
3512
4598
4525
4383
3414
5205
5187
4124
5233
4058
3922
5151
4692
3440
4072
4013
4493
2806
4588
5179
3544
4496
5181
3480
4606
4060
4657
3963
2888
4522
4505
4560
4566
5233
5685
3973
5234
3973
5111
5627
4617
5163
5184
5149
3381
4053
3580
3446
3955
3529
4023
4622
5736
3430
4586
4010
5183
4589
3559
4706
4625
5115
4561
4032
4094
4644
4742
4015
2875
4727
3422
5061
4560
3924
4604
4087
4540
4555
5645
4073
4593
4077
4645
3988
4612
4481
4555
5174
4583
3443
5242
5577
4116
4068
3989
4607
4658
4577
2836
4062
4056
4112
4534
4644
4527
5247
4581
4057
5154
4058
5087
4035
2998
4625
4528
3583
4581
4078
6277
4133
5207
3882
4085
5799
4009
3562
5143
4628
4626
4489
4082
3437
3275
5214
4533
3504
4116
4601
4522
3947
5081
4557
4691
4074
3458
3988
4526
4640
4019
3514
4091
4573
3982
4073
4038
4604
4035
3448
4031
4626
3426
5144
4556
4070
3969
4567
4027
4498
4041
5181
5329
4519
4022
4147
5134
4038
4650
3635
3327
3965
4707
3507
4506
3573
3972
4658
3412
3647
4725
4608
5253
3948
5054
4591
3906
4053
4047
4054
5186
4573
4630
3383
3974
3498
3554
4596
4032
5234
5193
4566
4591
3978
5169
4654
5227
5110
4068
5265
4059
3950
4665
4631
4658
2851
4063
3452
5240
4482
4569
3885
4099
4139
4672
4212
5716
3555
4587
4069
3477
4586
4679
4096
3996
5263
5234
5184
4048
4109
3549
4062
4591
4089
3507
4605
4702
5018
4151
4056
4711
4642
3410
5168
5112
3998
4552
4017
3978
4578
3398
4117
4587
5713
3906
3995
4045
3912
4030
3952
4054
4090
4029
3943
4589
3939
3952
4134
4537
4184
3558
4038
4745
3935
3870
4663
4568
4614
4094
3423
5742
5215
3904
4686
3497
4616
4093
2422
3386
4526
4598
5756
3423
4563
3906
4010
3420
4004
4095
5126
4543
4569
5127
4131
4593
4514
5205
4631
3437
4108
4592
3552
4022
5212
3384
3454
3919
4629
3948
4561
3425
4062
3566
4606
4000
3962
4020
4089
4071
4550
4560
3958
4000
4620
3978
4600
4081
4570
5204
3453
5150
4101
5128
2893
3420
4016
4123
2823
3440
4608
3913
4102
4580
4053
3441
3573
2900
5162
5148
5235
3496
4662
4009
4554
4724
4119
4575
5136
5194
4041
3507
3960
4653
4486
4535
4013
4022
4045
4011
2751
3512
4688
4568
4559
3366
2819
4582
3557
5140
3447
5203
4517
4107
4677
4629
4597
4722
5181
4488
4745
3478
3930
4046
3483
5103
4039
3504
5053
4603
4721
4561
3579
4018
2913
4652
5177
3976
5112
4544
4604
4068
4177
5048
5261
4026
3525
4123
4525
4033
2944
3518
4065
4693
4515
4741
3966
4096
4528
4678
4629
4553
4075
5238
4588
4065
4635
5127
3964
4619
3947
5207
4120
4646
4725
4584
5170
4584
4020
5207
3447
4537
5115
4545
4130
4058
4557
4650
4028
3979
4519
2976
3458
4104
3514
3448
4613
4634
3507
4022
4614
4011
4061
3443
3879
4538
3426
3983
3527
4594
5101
4598
3982
3531
3530
4105
4096
4011
4088
4576
4590
4080
4673
4666
4486
4646
3962
4637
3413
4449
4482
5233
5102
4533
4679
4585
4485
5178
4023
5739
4019
4687
4574
3424
5094
4099
3962
3362
4593
3016
3937
4594
4603
2882
5191
3947
4224
2351
5254
4572
4070
3463
4072
5749
5167
4020
3503
3959
4593
5722
4059
4008
4015
4045
3445
4498
3477
4087
5193
4086
4072
5137
5172
4061
3386
3507
4070
4601
4650
3980
5192
3323
4501
3471
4595
4651
4571
4677
4091
4680
4663
4546
5215
5259
4634
4005
4625
4144
5193
4014
3484
4556
3455
3451
5776
5206
3382
4018
2880
4143
4598
4535
5225
3454
3984
4475
3525
4540
5142
5155
4522
3991
4561
5063
4517
5222
2947
3968
4678
4007
4620
4645
4580
4065
5761
3461
4094
4516
5188
4027
3426
4586
3454
4186
3936
4540
5301
4080
4074
4189
4041
4562
3535
3600
4689
3542
3497
4101
4567
4078
5172
4582
4086
4616
4670
4546
5145
5183
5729
3936
4504
5198
3918
5766
5114
4041
3930
3459
3330
4037
4576
6390
4061
2852
5681
3877
4533
4063
3928
5157
4624
4480
4011
4625
5078
5117
5133
4530
3470
3976
4624
4643
4517
3898
4098
4546
3495
5260
4597
5712
4002
4159
3416
3629
3968
4553
4544
4682
4093
3947
5239
4582
4612
4634
4185
4623
4667
3564
5118
5705
4538
4103
3402
4520
4604
4635
5721
4032
2867
4025
3543
3500
4066
5127
4018
5112
4513
3981
4506
4611
4043
5785
4041
4110
5189
4602
3486
4559
4560
4058
4004
4576
4542
5736
3985
4058
3983
4589
4590
5735
2893
3472
4072
4617
4164
4165
4039
4103
3415
4617
4021
3414
4043
4538
3516
5088
4662
4637
3362
3638
4097
4623
3960
4553
4594
4096
4579
4506
2948
5167
3540
4571
5699
5145
4488
5229
4564
4128
5165
4630
3905
3522
3988
4081
3863
3434
4695
4618
4112
4582
4027
4594
4463
4641
5128
5090
3498
3945
4665
4494
3362
4520
3985
4085
4089
4046
5193
4583
5192
3477
4668
3988
3995
4606
3998
3425
4026
2717
4020
3422
5130
4758
5783
4006
3479
5127
4535
4688
5737
4007
4583
5147
4052
3993
5110
4509
4569
3465
4200
4559
4068
4644
4035
4529
5208
4047
4089
4590
4050
4594
3962
4531
5156
5854
4541
3589
4725
4126
5253
5125
4067
4111
4645
3999
4662
4612
4602
5163
5795
4575
3545
4559
4589
4686
3446
5178
4009
5091
4061
3938
3480
5137
3962
5148
3041
5178
3365
3474
4095
5174
4604
4070
4600
3970
3974
4615
4086
4022
3398
4035
5754
3623
5264
4575
4070
4610
5750
4643
3962
2288
5144
4613
4034
3992
4539
3936
4056
5060
4593
4538
2269
5121
5188
4505
4488
4611
5184
3995
4674
4546
3390
3575
5156
5167
4038
4023
4595
4637
4057
3921
5196
3419
3985
4537
3411
5211
3475
4600
2741
4644
3989
4516
4546
4082
4662
4563
4583
5136
4598
3388
3462
4606
4547
5277
5123
4643
3974
4172
3466
3449
4600
5748
5113
3973
4489
4613
5152
4505
4091
3340
4550
3378
4055
3352
4003
4075
5073
3392
5151
4624
3016
4043
3476
5204
4191
4092
5647
4057
4623
3467
5781
4784
3483
4569
3976
4050
2906
5133
4108
4027
4734
5263
5261
3997
4578
4110
5150
5165
3990
4034
3991
3952
4049
3997
5051
3973
3846
3495
3974
4441
4034
4683
4674
4511
5107
2802
4722
4053
4634
2915
3867
4012
4057
3950
5147
4209
3447
4622
4575
5126
3384
4070
3983
4716
3819
5266
4567
4681
4609
4640
4535
5730
4459
4650
5104
3398
4576
4720
5576
4592
4682
5215
4577
4501
4014
2925
5259
3955
4685
4114
4488
4016
4476
4676
4086
4477
4693
4619
3916
4089
3971
4074
4119
5124
3540
4581
3985
4069
2943
5740
4587
4128
5243
4088
4653
4053
4526
4590
4487
3356
3496
5219
4088
4017
4079
4122
5064
5094
4135
4640
3960
4659
3495
4704
4056
4990
4675
3963
4552
5038
5167
4033
4641
3984
4478
4572
4094
4666
4090
4011
4581
4107
4551
2980
4532
4660
4429
4499
5110
5168
5766
5208
5183
2948
4628
4170
4535
4635
3291
4092
3402
4516
4666
4540
4006
4574
4031
3470
4058
4051
3984
4114
5207
4646
4051
3417
3918
4694
4581
3490
5098
4624
5166
3445
3410
4712
5039
4603
5183
4613
5131
3474
4124
4466
4054
4503
3990
4014
5145
3972
3431
2894
3486
4111
4641
3984
4048
4623
5025
4661
6222
3485
4498
4588
4536
3487
4621
3371
4019
5250
4054
4667
4491
5164
4523
3490
5061
3957
4031
4022
4599
3368
5196
4122
4519
4514
4473
4705
5247
5767
4015
4710
5282
4131
4667
5306
3999
4632
5129
5164
4049
4499
4550
4056
3415
4016
5742
5137
4618
4645
2827
3970
3969
4035
4682
3454
4592
4663
3919
5101
5831
5275
4644
3485
4031
3409
3450
3999
3988
5742
3388
4118
4485
4040
5215
4064
4646
4708
5137
4005
4654
4659
3965
3565
3459
3497
5788
4025
4561
3945
4620
4570
4617
4649
4056
5174
4684
4089
4598
5174
4584
5189
5050
4068
4669
4555
3954
3508
3951
3987
3402
3976
5321
4012
4563
4058
4559
3991
4611
4077
4540
4133
4558
5662
3517
4692
4568
3480
3465
4560
5057
5163
3368
2897
3458
4612
3456
4522
4685
5186
5149
4524
3404
4568
4582
4083
4617
4533
5168
3488
4607
4673
4081
4671
3535
5144
3925
3992
5730
4061
5650
4094
4625
4060
4714
4002
4026
3486
3376
3492
3463
6251
3392
3974
3493
3972
4094
3998
4561
3986
4631
3483
4558
3921
4135
4552
5067
4059
3882
4496
3463
3985
3982
5280
4601
3973
4633
4100
4433
4525
5184
4699
5209
4059
4604
4607
4643
5079
3962
5233
4068
4092
3990
4046
4616
3412
4532
3484
4158
3984
4007
5870
3423
3606
3389
2962
5255
4475
4037
4103
4575
5175
4037
5206
4554
3930
4117
4025
3948
5639
4002
5169
4489
4093
4630
4604
3295
5223
3962
5710
4720
4594
5193
3410
4509
5085
3041
3422
4078
4608
4668
4571
4582
3993
4096
5137
5138
5179
3975
3965
4031
4624
4631
4126
5106
3476
3576
4579
5159
5814
4113
4058
4089
4042
3978
4552
4098
3977
4575
3546
4046
4121
4607
4578
3548
4632
3506
5172
4586
4520
3574
4665
4061
3503
4621
4099
3391
4070
4014
4083
4631
4044
3972
3566
4047
4708
4654
3994
4640
5139
5165
3455
2793
4113
3953
4132
3916
5244
4574
3448
4693
4539
5687
4130
4574
4034
4061
5804
3976
4121
4676
4032
2961
3389
3426
4167
4722
4499
4637
3984
3974
4072
4110
5303
5143
4531
4086
4115
3996
4660
4481
3969
4482
3496
3896
4011
5161
5615
3391
5256
4123
4059
4144
4665
4111
3965
4574
4213
4646
4525
5733
4049
4674
4616
4603
5257
4565
3513
4525
3391
5127
4648
4679
5174
5182
4027
3969
4567
4561
3933
4078
4650
2774
4549
3972
4065
4549
4605
4046
4599
4005
3435
3463
4105
5685
4017
4607
4644
5133
5177
4560
3984
5006
4539
5144
5281
2896
4076
4025
5156
4641
5085
3955
4135
3960
4104
3365
5102
4113
4539
4709
5172
3447
4042
4587
4992
4560
4577
5287
5116
4560
5135
4518
3516
4704
4095
4104
4563
4060
4670
4630
5166
4574
4020
5211
5204
4649
3446
4086
4531
3942
3395
5155
5180
4094
3583
4607
4580
4642
5156
4688
3983
5710
4661
4053
4560
2893
4001
4025
4518
5697
3437
2884
3388
6338
3993
4501
3989
3974
3917
5183
3448
4044
4043
3529
4085
4473
4600
3593
5211
4535
3424
4691
5723
4500
3387
4031
4067
4625
3987
4054
3428
5147
5284
3523
4684
4565
4681
3438
4537
4685
5255
4051
3518
4637
3981
4689
5164
5132
4617
3952
5198
5194
4033
4526
3966
4671
3594
4095
5248
5088
3411
4657
5194
3457
4011
4648
4033
4518
3964
4581
5264
3899
5076
4565
4553
4698
4060
3490
3995
4068
3980
4055
4516
4540
5092
4573
3675
5638
4646
4586
3485
4583
3932
4049
4605
4060
4030
3480
5170
4029
4574
3990
5079
3939
4029
5288
4046
4632
4050
4604
3428
5222
4621
6323
4584
4564
5063
3454
4192
4027
4080
3005
4023
5079
3539
4055
4524
4031
3974
3426
4512
4599
4673
3899
5704
5160
4538
3931
4623
4629
4064
5075
5169
4676
3991
5575
4634
5835
4021
4601
3424
3925
3463
4009
5228
3538
4006
4090
5750
4573
4185
4592
3548
4603
5274
2820
3464
4129
4604
5133
5116
4096
4680
2951
3474
3425
3465
3400
4560
4574
4470
4559
4568
5193
4608
3987
4046
4631
4626
5243
3517
4533
4520
5136
4715
5654
3917
4676
4549
4051
3984
3929
4175
5672
4703
4637
3981
3498
4580
5099
2801
3442
4606
4059
5128
3902
4104
3932
3934
4102
4074
4128
3398
4093
4051
4068
4611
4573
4639
5098
4546
2838
4064
4492
4025
2817
3992
4559
4600
3564
4636
2893
5733
3419
4646
4011
3967
4193
5596
4670
4124
5104
4634
4455
4568
5161
4002
4529
4590
5126
3974
5249
3988
6295
4669
3449
4547
5652
4057
3370
3953
4148
4672
5222
4679
4564
4495
3439
4658
5032
4560
4538
3570
4723
4531
4148
4096
3445
4082
5247
4069
4444
4526
5136
4413
5228
5089
4017
4744
4026
5284
4668
4054
4076
5157
5238
4468
4081
4558
2866
3425
2858
4023
3453
3963
3953
4581
4564
3495
4032
5220
2865
4051
3379
4036
3495
4634
5126
5198
5120
4629
4069
4044
4007
2940
4146
4096
3404
4588
4192
3891
5103
4631
4673
4571
4846
4633
4070
4554
4012
4589
3923
5041
3506
4127
3994
4074
5144
4555
4069
3983
4058
4530
3993
4541
5148
3449
3447
3471
3491
4563
4446
4582
4537
4520
4600
4653
4636
2908
4131
4087
4632
3940
3995
4682
4587
3290
5153
3411
5251
5230
4030
4090
4564
4493
5113
4653
3989
2219
3594
4144
4596
2318
4579
4560
3536
4601
2940
4622
3958
3441
3412
5577
4645
3352
3982
5781
4561
5161
4597
5270
4109
5186
4666
5697
3475
4091
4636
4004
5173
3394
4556
4592
5187
4572
3944
3465
4133
4608
4093
3998
3527
4020
5226
3464
4073
3387
4591
4590
4711
4697
4577
4014
4038
4051
3907
4696
4694
5185
3544
4055
3346
3571
3953
5138
5658
3533
3850
3486
4000
4154
4555
5195
4600
3926
4042
5719
5153
4091
4583
4668
5058
4032
3442
4671
5324
3924
4474
4646
4035
4070
5160
3876
3419
3391
5190
4010
4048
3423
5735
4153
5199
4005
4599
4439
5158
4628
3993
4642
3472
4562
4552
4035
4664
4632
4680
4044
5272
4020
2913
4646
3975
4183
4609
4027
5655
4586
3949
4676
4566
5078
4173
4030
4706
4588
3451
3404
4103
5159
4038
4053
4680
4108
5852
5649
4000
4534
3417
4035
4601
5807
4091
3870
5109
4667
4584
4639
3603
3896
3462
5764
4076
4552
3999
3983
3989
5283
3530
5773
4583
5722
4694
4582
4089
4696
2987
3498
4583
4119
5192
4682
4590
4008
4004
5203
5129
4061
4667
3466
5102
3986
4555
3463
4138
4508
4538
4126
4066
3513
4115
4617
4578
3538
4044
4027
4630
3534
4019
3472
3981
3654
4029
4569
4092
3298
4584
4587
3959
4538
3447
3526
4673
4014
2920
4618
4532
4545
4478
3406
4025
5114
3453
5129
3971
4751
3925
4084
4018
5730
4580
3984
4665
5178
4051
4038
5186
3546
4537
4625
5121
3999
4615
3991
4104
5605
3540
5094
5751
4079
3482
4652
4757
4020
4066
4666
4023
3989
4087
4657
4594
4109
4660
5108
4028
3993
3305
4099
2885
4604
5185
5239
5104
4549
3507
3951
3879
4017
3404
3559
4049
3454
4615
4656
4615
4049
3982
4542
4493
4494
4616
3555
4594
3980
3990
4605
4011
4040
4628
4071
3507
4618
5139
4034
4501
4549
4071
4153
5129
4602
4009
4046
4005
3567
4558
3983
4524
2818
3520
4703
4027
4044
5280
4514
3984
2908
4059
4653
4148
3607
3974
4578
5706
5103
5200
4647
4023
4606
4639
4663
5169
4664
3379
4660
3990
3938
4548
5201
4570
4604
4061
5688
5188
4643
4608
4056
3374
3456
4070
5138
4641
4633
4658
3357
3942
4557
4665
3358
5686
3536
4071
5072
4651
5169
3403
4662
3549
4552
5156
5141
3273
5183
3954
4579
3946
3957
4013
5140
5733
3961
3591
4168
4023
4555
4077
4674
5165
4604
5231
5303
4059
4131
3996
2893
4043
4609
4577
3515
4583
4609
4680
5816
3989
4058
4636
4626
6340
3508
5209
4077
4171
5272
4062
3993
6218
4011
4060
4033
3938
4566
4548
4035
3442
5042
5198
4548
4052
4562
3809
4009
2983
4605
3417
5267
5238
3968
5169
5200
5085
4683
4010
3965
4046
5186
3918
4162
4612
3974
4069
5163
3275
4554
4094
5194
3552
2858
4563
3982
4658
4538
5135
4640
3982
3501
4626
4666
5136
3496
4616
4568
4136
4129
3454
4672
4620
2962
4633
5201
5746
3498
5150
4468
4650
4077
4033
4036
4742
3977
5736
4571
4594
4549
3541
4629
3998
4527
4516
5751
3559
4095
4661
5262
4481
4545
4124
5757
4003
4039
5157
4600
4051
3439
3935
4534
4039
3508
5162
4101
4572
3593
4625
4600
3550
5149
5179
4134
4032
3473
3921
4026
4503
3991
3427
4630
3971
4038
4529
4431
5798
4036
4110
3941
3561
3965
5821
5777
5138
4086
4527
4565
4041
4070
4748
5696
4094
3569
4200
4082
5133
4121
4568
3981
4628
4578
3970
4659
4617
3403
4092
4004
5270
4115
4638
4633
4574
3359
3497
4152
4013
4566
4553
4574
5250
4062
5768
3356
4559
4712
4577
4618
3956
3404
3503
5226
3963
2909
4564
4083
4572
4510
4602
4499
4065
4737
4567
5238
4589
3975
4157
4007
5227
4557
5104
4653
3989
5637
5250
4152
3549
4619
5740
4569
4548
3401
3559
3300
4071
4563
4056
5134
3513
3440
4604
3469
4653
4611
4062
4616
4545
4041
5810
3902
4653
4672
4118
4643
5291
4654
5173
4593
4682
4568
4563
4120
4557
4499
5193
5158
4483
4086
4616
3622
4156
4069
4008
4108
5118
4065
4656
4692
4614
4476
4041
3467
4643
5119
3482
4661
4065
4122
6857
5185
4688
4060
3484
4562
3433
4537
5215
4113
4575
5705
2961
4711
3956
3500
4082
5191
4509
4729
4122
4620
5092
4523
5210
3980
4615
5106
4090
4559
4642
5094
4537
4062
4556
4613
4598
5200
4559
5227
4533
4010
4562
4083
5142
4641
2923
4559
5152
4590
4657
4523
3987
4015
4070
3960
4613
3542
4704
4690
4663
4078
5108
4528
4015
4036
3566
3568
3981
5156
4570
4513
5184
4661
4081
4072
4717
4513
4586
5151
4083
4136
4702
4058
4486
3350
4657
3470
5123
3985
4480
4013
4051
3974
3515
4061
4020
5081
5178
3381
4632
4113
4566
3535
4576
4059
3996
4090
4677
3996
4682
5213
3917
5790
2890
3900
4566
5124
4917
4602
5669
4149
4716
4107
4489
5154
4590
3908
4022
4518
4018
5135
5222
4667
4669
4031
4510
5804
5825
4087
4589
4661
3503
3930
5799
4012
4089
4012
4598
5162
4004
4585
4597
5249
4057
3422
4113
3917
3493
5711
5128
4630
4600
4615
4644
4148
3947
4617
4104
3364
4544
3468
5179
5166
3393
4646
4540
5122
4002
4124
4054
5719
4625
4499
5249
3947
5732
5737
4620
5680
3966
4116
3385
4003
4525
4656
5104
4517
4582
3953
5161
5740
3911
4615
4667
3939
4058
5242
3092
3462
4039
5240
4492
4045
5128
5724
4112
5654
5267
4645
4641
3948
4528
3452
4678
4550
4041
2998
3400
4631
4745
4540
4129
4650
4530
4592
4659
4032
4084
4439
3461
4025
5117
3043
4553
4041
3909
5200
4633
4691
3525
5170
4566
4557
4052
4048
4090
4527
5087
4646
3481
4040
3659
4604
3975
4614
3921
4526
4585
3987
4584
3917
4634
4591
5179
3545
4473
4046
5171
4582
3944
4606
3546
4017
4093
2733
4635
4532
4094
4096
4035
5168
4069
5852
5173
3937
2923
5106
5172
5270
3552
3420
3929
3949
4652
5152
5105
6306
3457
4631
4602
4079
4619
4608
5144
4582
4031
4122
4032
4098
3522
4538
3441
2934
3513
5204
4571
4549
3478
4098
3440
5195
4597
3996
4605
4097
3919
4650
4562
3976
4001
4100
4064
4083
3948
4600
4064
4494
4470
3427
4064
5758
4563
5217
4577
4107
3437
4680
3456
3005
3339
5081
3952
4093
5217
5173
4512
4525
5198
4472
4037
4057
3387
4604
4666
4070
4211
4576
4705
3484
4645
4031
3609
4015
4064
4716
4624
5035
4071
4530
5172
5141
3445
4570
4111
3953
4066
4569
4568
3924
3936
4630
4685
3468
4612
3988
5173
4057
4503
3480
3495
4588
5213
3968
4034
2914
5138
4590
3998
3509
5133
3305
4780
4588
4575
4002
4539
2861
6413
4580
4647
5183
4602
3490
4773
5241
4550
4534
4066
4011
3536
4786
5034
4144
4048
3541
4545
3998
4596
4605
5205
4076
5126
3984
3989
4646
4498
4573
4093
4538
4069
4151
4499
3535
4717
3974
3996
3936
4104
4582
4033
4019
3599
4040
4065
4019
4170
5651
5161
3986
3928
3884
4132
4576
2937
5177
4041
4022
3992
4100
4504
3971
4019
5106
3399
4032
3891
3999
4030
4099
2913
4094
4715
4089
4578
4013
4104
4610
4025
4544
3464
5187
4077
4079
4534
3965
4047
5172
4751
3432
3957
3506
3408
4028
3951
5199
3500
4540
5222
4142
4585
4562
4719
4530
4647
4730
4617
4604
3394
2266
3978
4049
4171
4124
4747
3403
4130
4506
5186
4099
3530
4658
4622
4635
3941
4719
4054
4528
4640
4100
3974
4637
4087
4027
4075
4057
4134
5109
4610
4052
3427
3983
4053
5705
5754
5009
4617
5161
4045
5226
3425
4034
3394
3992
3407
4512
4042
3972
4016
3467
4119
4599
4668
3948
4064
5192
4019
4619
5083
4551
5139
4055
3456
5219
4563
3953
4052
2900
3997
4147
4496
3445
4052
2437
4658
3962
4602
3493
4068
4558
5650
4604
4636
4107
4545
4624
4580
3945
4571
4541
4557
3926
3508
4080
5210
3331
4643
5194
4574
4019
3931
4032
4032
5242
4138
4089
5264
3368
3474
3488
4703
4136
3464
4564
4708
4077
4571
3440
4597
2811
3527
4021
4055
3961
3978
4089
5530
4093
4525
3511
4088
5172
4635
4646
4632
4586
3433
5252
5140
4021
5116
4601
4734
4044
4619
4083
4550
4069
3992
5119
3508
4033
3975
5127
3951
4455
4030
3944
3540
4142
5180
3430
4054
4663
3573
4009
3979
5204
3526
4039
3967
3430
5241
4085
4621
4637
2860
4556
2947
4676
4761
5766
5798
3918
4202
3437
5106
4533
4611
3903
4616
4633
3851
5150
3572
4063
4598
4552
5793
4608
4061
4624
4616
4594
4133
4083
3970
3403
5101
4149
2816
4048
3438
4659
4622
3995
4643
4555
4615
3999
4657
4439
4447
4074
4553
4004
4584
3943
4147
4527
3447
3318
4127
4605
4015
4022
4607
4651
5263
5153
4539
4596
3538
5141
4042
3423
4660
4696
3497
3364
4640
4623
4529
5194
4676
4662
5095
4102
4126
4514
4589
3896
4014
4659
3457
4641
3993
4020
3977
2905
3988
5078
4580
4005
4577
4665
5144
4046
4024
5116
5678
5237
4652
5176
3979
4606
4589
3968
3466
4003
3948
3975
3442
4540
4037
3467
5097
3889
5119
5240
3467
3992
4057
4705
4033
4062
4677
4665
4043
3969
3506
2911
4578
3411
5704
4599
3944
4011
4558
3482
5159
3943
3985
4677
5262
4004
3992
5134
4669
4604
3898
2682
4590
4076
3410
3984
4593
4030
4042
4667
3433
3450
4631
4670
4542
3959
4593
5139
3509
5205
4656
3921
4529
3384
3458
5059
4609
4045
4519
4620
4020
4510
4573
3551
3633
5222
5846
4130
5132
4612
2945
5799
4007
5145
4700
5176
4059
2331
5103
3468
5546
4048
4037
2880
2887
4670
3427
5285
3506
4633
4062
4642
5145
5065
4587
4039
3421
4627
4597
5137
4545
3956
3546
4698
4069
5769
4550
4618
3982
3907
4098
5089
4697
4103
4078
3488
4616
3982
4050
4115
4611
3992
3511
4598
3853
4064
5790
3964
3440
4666
5167
4630
3981
5173
3395
4561
4037
4665
4024
4061
3922
4582
3966
3466
5190
6221
4001
4034
3437
3978
4103
3475
4573
4540
4560
4601
4668
3971
3985
3643
2841
4071
4007
4502
4592
4007
4545
3457
4620
5183
4068
5163
5149
4104
4709
3377
4076
4073
3545
5119
4452
5168
4059
4520
4593
4007
3849
4533
4021
4036
4054
4061
4514
4639
5173
4366
4099
5090
3458
4517
3979
4072
3320
4715
4410
3946
5156
4738
4557
4025
4061
4416
4615
3447
4554
3463
6228
5209
4028
5776
4111
4093
5194
5764
4668
4574
4009
5693
4044
4540
3483
4538
4454
4651
4021
3351
4564
4077
4531
3469
5084
3421
4817
5696
3330
4705
5775
4542
6312
3439
4039
4139
4641
4061
4035
5231
3542
4592
5788
3945
4031
3968
5083
3574
4108
5798
5241
3973
5262
4068
4585
4056
4574
3465
3900
4539
4535
3966
5113
2878
5238
3446
4574
4026
3990
4691
3461
4552
4073
4040
4633
4581
4689
4717
4583
5646
5201
5147
5168
5177
4562
3948
3897
5105
5124
5166
5191
5089
4540
3958
6305
5779
4549
4534
4629
3944
4105
3389
3871
4542
4633
4059
4104
5196
5763
4614
4074
5100
4615
4063
4627
4515
3427
5754
4602
4609
4080
4746
5675
4646
4608
4703
3970
3480
3476
4003
3982
4691
3952
4561
2839
4595
5162
4034
4118
3523
3483
3369
3447
4575
4054
3484
3948
4046
4648
4127
4086
3410
4727
2887
4535
4484
4653
4578
4596
2894
3508
4634
4014
3989
4473
4076
3953
5619
4058
3958
4625
3928
4562
4083
4645
4571
4665
5162
3484
3492
5197
4731
5203
6372
3900
5817
5209
5227
4134
3523
4152
5809
3370
4610
2978
5204
4588
2862
3950
5650
4123
4114
4078
3428
4064
4042
4525
3566
4098
4734
5142
4634
5185
3387
5216
4638
4099
4078
4627
3993
5227
4683
4015
5208
5711
4646
4542
3406
4121
3998
5167
4164
3453
4592
5190
4635
5249
4618
5268
3925
4159
4671
3975
3385
4076
4576
4613
3884
4637
3965
4046
5195
3448
4075
4550
4710
3894
4072
4637
5231
4020
4086
4077
4534
4693
3980
4596
5161
5122
4021
4599
4187
4090
4119
4578
5261
3480
3391
4512
4677
4035
4580
4020
2983
5687
5150
5230
6296
5090
3531
4641
5126
2911
5101
4389
4575
5150
4635
3972
4019
4069
4098
3889
4675
4677
3365
4627
5126
4024
3931
5110
5139
4054
3978
4113
3991
3977
5233
4008
4604
4649
4037
4605
4003
4599
4630
3926
3978
4635
4526
3989
2996
4674
4017
3423
4691
4700
5004
5230
4640
5142
4651
4697
3907
5754
3502
4013
4106
4084
5167
3952
3350
4067
3337
4728
5105
4614
3331
3399
3387
3633
3353
4068
4554
3393
4569
2843
3997
3430
4540
3986
2854
4642
3539
4064
5164
5713
4095
3977
4527
4044
4127
5120
4040
4523
3360
5126
4567
4606
4536
3350
4095
4022
5202
4614
4587
4093
4125
4550
4531
6301
4438
4729
4458
4023
3363
4652
4573
4693
4555
3993
5146
4574
4574
3984
3985
3982
4667
3966
4109
4609
3182
4565
4148
3374
5148
4108
4026
4501
4581
4653
4134
4036
3403
3465
5263
4665
4025
4550
4569
4373
4040
3535
3488
4504
3549
5811
4131
4480
3503
3972
4553
5171
3507
3397
4059
4064
4621
3587
4026
4602
5841
4075
3381
5733
4627
3878
5714
3461
4501
4577
4546
2865
3995
5217
4674
4554
3520
4026
4614
3403
5224
4588
3520
5737
4653
5172
4546
4538
4659
3433
3520
6297
5136
3993
4568
5162
4523
4762
4541
4674
3970
4511
4148
4481
3465
4084
4471
3492
4573
4008
3932
3459
4660
5234
4004
4005
3421
4015
5228
4044
4016
4017
4173
3549
4564
4026
3558
5164
4686
4650
4689
4655
5045
4118
3510
5122
3903
3505
4686
4604
5259
4523
5206
2847
6384
3972
5145
6239
4021
5240
4110
4552
4652
4023
2374
4043
4679
4654
5786
5231
3517
4074
4660
3476
4075
4554
5167
3514
4092
4629
4092
5159
4641
4554
5120
3457
3984
4526
4629
4757
4556
4053
4014
5261
4554
3440
3964
4062
4639
4037
4639
5157
5040
5730
3484
4425
4595
2924
3957
3995
4528
3449
3446
4101
4171
4109
3937
4522
5273
4160
3501
4121
4185
3300
3491
3930
5204
3521
4715
5126
4135
5350
4599
5137
5639
3960
4013
3995
4055
3633
4497
3377
3927
4740
4513
5106
4114
3984
5670
4048
4470
5036
5084
4624
4720
4117
3963
3968
4030
4522
4475
5137
3494
4596
5072
2886
4003
3991
5195
4007
3004
4050
3994
4045
3997
4562
3464
3871
4610
4595
4607
4578
5688
4665
4676
3513
4449
5200
3539
3999
3917
4071
4650
4111
2927
4564
4114
3996
4638
4698
4066
4620
4528
3408
4581
5253
4554
3899
5058
2319
4469
4020
4547
3440
3445
4443
3039
4592
2818
3495
4559
4667
4598
3940
3455
4572
5210
4565
3489
4642
4487
5187
4074
4067
4448
4536
3458
4619
4400
4544
5132
4076
3979
4621
5192
4657
4047
4536
5769
4051
4042
4526
2926
4071
4721
5779
4589
3415
4026
4043
4048
3915
3999
5225
4530
4097
4560
3412
4643
4168
5235
3499
4496
4012
4031
4669
4118
3445
5165
5193
3893
4546
4072
4036
3719
4631
4625
4046
4591
4548
3469
4059
5166
4053
5226
4561
3980
4650
4059
5229
4580
4510
4019
4456
3409
4568
5170
3998
4068
5747
4037
4678
4601
4588
5270
4660
5146
4685
3383
2854
2831
4637
4655
3861
4019
4452
4077
4580
4042
4057
4152
3387
4019
5153
4116
3967
4000
4619
3981
3411
4650
4047
4017
4543
5069
4637
5210
4621
5138
4486
5203
4728
4602
2882
4001
3413
5119
4603
4549
2923
4571
4521
4073
4635
4010
3909
3970
4569
5173
5099
5146
4619
5576
4663
3420
5746
4633
4632
4011
3451
3439
3477
3452
5144
4549
6392
4686
4035
4068
3905
3578
3923
4599
3505
4650
3389
3953
4565
5104
5671
5155
4677
3388
5297
3365
4508
3475
4573
5280
3429
3109
5119
4605
3953
4569
4674
2931
4585
4100
4607
4100
4606
3971
5175
4646
4114
4074
5162
5716
3483
4580
4596
5164
4092
4027
3388
5250
3420
4492
4074
4042
3490
3997
5282
3989
4602
4080
3450
3523
4560
5218
3957
5713
4539
4587
4549
5152
4039
5677
3927
5211
3955
5261
4100
4009
3962
4599
4613
4596
2330
3407
3496
4661
4451
4685
3264
4641
5665
3947
4610
4533
5238
4653
4624
5147
4180
3391
4644
3642
4616
4149
5706
3863
5150
4552
4106
4111
5277
4482
4152
4575
3973
4621
4683
4617
4512
4055
3421
4666
3405
4051
3913
4020
4536
4539
4061
4079
4569
4000
5225
4112
3438
4005
4041
4052
4627
4613
3464
4603
3961
3917
3961
4133
5162
5768
3490
5218
4548
3972
4589
3455
3488
5123
4601
4576
3986
3994
4564
3975
5582
4015
2916
4052
2448
3492
3930
5234
4524
4080
4611
4580
4052
2904
2793
3438
4622
4659
3425
4651
4565
3408
5159
3468
5233
4125
3517
4655
3863
4628
3386
4075
3972
4005
3465
3427
4633
4614
3331
3450
3551
4525
4043
3476
4639
4088
4588
4614
4023
5739
3442
4480
4719
4621
4086
2931
2809
4568
4592
5237
4643
5130
4583
4616
5225
3572
3393
6376
4112
4129
4597
3582
3991
3976
4146
4040
4583
3495
4014
4122
3314
3458
4084
4148
4645
5064
4074
3954
3509
5002
4619
5763
4022
4114
4638
4626
5221
5128
5181
4075
3512
3967
4477
4521
4693
4680
4559
5061
4617
4515
3441
3565
5083
3359
3926
4029
5242
3451
3815
2870
4708
3903
5196
5646
4650
4628
5138
4642
4680
4034
2765
3993
5206
4005
3868
4554
3947
4545
4660
5194
4644
4031
3969
4613
3991
4006
4033
3961
3946
4626
4642
3890
3982
5234
4014
4530
4541
4492
4078
3983
3432
4648
4030
3331
3553
5196
3444
4094
3993
4080
4059
5214
4717
5177
4053
4594
4016
4044
4638
4101
3533
4618
5022
4619
4628
3542
4528
4452
4618
4036
3979
4593
4443
4043
4024
3311
4510
4135
5242
3508
3470
4677
4360
4055
4543
3392
4585
5127
4568
4599
4748
4040
4541
3791
3963
4047
3505
3932
3489
3539
4598
4096
4054
3992
4641
5123
4083
4589
3493
3474
5170
5237
3381
5134
4625
5836
4147
5157
4182
4161
4077
5752
3504
5788
3959
4414
4578
4604
4022
5764
5681
4518
5220
4129
4598
2962
5142
4170
4554
3427
3945
4012
3349
4078
3992
2918
3609
4122
4622
3458
3982
4604
4590
2773
4100
4554
4662
4483
4002
4000
2918
3962
5148
4721
3449
5249
5235
4642
4143
4051
4591
3405
4679
3458
3586
4579
4227
3555
2937
3390
4097
4634
3854
5200
4037
4599
4016
3439
3412
3299
4097
4649
2897
4608
4093
4745
5258
4069
5129
3362
4027
3984
4030
3903
4594
4078
3987
4557
4694
4664
4554
4028
4148
4076
4484
4607
4016
4575
3977
3461
4467
4526
4645
4663
3982
4098
5174
3972
4069
3964
3433
4560
4614
3885
4071
4062
5137
5786
5072
3979
5251
3458
3952
4618
4600
3978
3935
4023
6305
4710
4149
4606
4081
4033
4583
5678
3453
3480
4102
3304
4052
4656
4129
4609
3398
5161
4013
3989
4140
5162
4018
3994
5135
3998
3995
5192
4073
4570
4633
5124
3996
3405
4150
3377
4655
3412
6340
4460
5193
4033
3415
5277
3459
3916
4053
4649
4618
4075
4123
5110
4611
3925
3526
4610
5697
3576
5137
4652
5137
2877
5706
4119
4658
4632
5719
3462
4537
4085
5138
4553
5141
4655
4633
5096
5711
3966
3357
3196
3938
4578
3964
4685
3547
4058
4571
4622
3419
3996
5863
3513
3549
4150
3440
3426
3975
5270
4553
5198
4491
2951
4083
4073
3917
3431
3419
4522
5106
4629
4121
5182
4581
4635
4095
4058
4631
4609
3493
3421
3469
5117
4579
3852
3974
3397
4508
2899
4061
4040
4663
4652
6219
4104
5212
3580
3993
5218
5110
5753
5307
5244
4512
4535
4578
5729
4689
4595
5131
4020
3952
3992
4567
4028
4651
3454
4538
5210
3459
5105
5145
3967
4556
4010
4010
4665
3377
4613
3978
4554
4559
4086
3877
4148
4526
2791
5103
4604
3391
3992
4056
4021
3947
5182
4584
4649
4054
3916
4064
4024
5239
4034
4599
4683
5781
3994
3399
4566
3996
4600
4548
3504
4111
4125
4483
4035
3558
3435
5107
4518
4010
4677
3979
3924
4635
4092
4606
4685
3969
3892
5074
5225
4103
4598
4625
5072
3876
4548
5219
4024
4066
4100
2914
4656
4570
4030
3515
3945
4635
5598
5102
3485
5107
4562
4709
4004
4581
5198
4113
3973
4624
4086
3453
3477
4653
3474
4643
3960
4644
4136
4632
4067
3979
3366
4545
4079
4619
3488
3416
4510
4009
2777
3495
5134
3996
3518
4475
