-49
-59
-41
-54
-55
-67
-60
-63
-64
-47
-78
-73
-87
-56
-63
-48
-68
-46
-86
-57
-61
-58
-44
-60
-53
-48
-64
-52
-67
-57
-73
-57
-59
-58
-47
-56
-61
-54
-55
-36
-50
-42
-56
-51
-36
-59
-62
-53
-51
-49
-62
-77
-58
-48
-51
-73
-61
-67
-51
-50
-50
-54
-45
-64
-48
-62
-43
-49
-67
-75
-47
-48
-28
-44
-60
-60
-44
-54
-49
-23
-72
-45
-52
-45
-60
-32
-74
-42
-62
-49
-38
-42
-45
-47
-70
-46
-48
-37
-33
-50
-54
-56
-28
-40
-49
-57
-47
-59
-64
-55
-43
-47
-57
-59
-47
-45
-72
-49
-59
-51
-59
-60
-55
-41
-52
-43
-54
-22
-71
-45
-52
-42
-60
-54
-30
-47
-50
-55
-43
-71
-58
-51
-54
-63
-48
-42
-42
-47
-46
-50
-30
-44
-47
-46
-39
-32
-59
-46
-75
-28
-69
-71
-29
-31
-53
-42
-60
-67
-66
-9
-46
-51
-33
-40
-21
-44
-32
-43
-42
-46
-33
-24
-55
-48
-52
-43
-56
-41
-31
-46
-50
-41
-48
-35
-75
-69
-53
-39
-35
-44
-60
-27
-44
-54
-45
-44
-44
-47
-51
-11
-33
-59
-37
-49
-36
-59
-42
-41
-38
-33
-40
-17
-26
-36
-39
-53
-71
-40
-27
-59
-40
-73
-47
-27
-40
-52
-63
-45
-50
-48
-39
-63
-35
-48
-49
-35
-54
-42
-42
-46
-59
-80
-36
-39
-38
-58
-50
-84
-22
-58
-48
-66
-35
-45
-37
-44
-40
-33
-52
-42
-47
-41
-49
-40
-71
-50
-28
-31
-48
-43
-63
-53
-41
-34
-55
-54
-42
-40
-45
-23
-46
-27
-39
-25
-47
-49
-58
-66
-42
-47
-51
-45
-47
-41
-51
-39
-48
-48
-25
-42
-53
-27
-31
-41
-34
-37
-45
-32
-45
-41
-59
-43
-45
-22
-60
-49
-35
-43
-51
-26
-36
-45
-39
-37
-64
-53
-43
-55
-11
-44
-67
-52
-27
-47
-28
-25
-42
-40
-35
-50
-55
-36
-46
-40
-62
-50
-36
-58
-47
-25
-39
-42
-52
-33
-56
-42
-47
-34
-44
-62
-49
-33
-38
-51
-44
-65
-53
-16
-32
-20
-19
-36
-47
-40
-38
-36
-37
-27
-43
-53
-51
-49
-41
-53
-29
-37
-63
-23
-40
-40
-31
-43
-39
-45
-52
-48
-45
-38
-21
-31
-44
-44
-30
-49
-30
-35
-40
-36
-42
-47
-40
-51
-46
-36
-47
-35
-44
-46
-47
-55
-29
-32
-31
-38
-68
-23
-37
-25
-46
-34
-27
-56
-40
-50
-57
-70
-55
-43
-55
-61
-42
-36
-46
-49
-43
-45
-25
-46
-25
-39
-44
-34
-59
-45
-39
-34
-36
-37
-38
-19
-46
-43
-37
-58
-50
-23
-46
-43
-44
-17
-28
-33
-21
-51
-38
-32
-38
-31
-38
-20
-50
-47
-54
-43
-42
-30
-55
-27
-10
-42
-42
-26
-18
-38
-39
-21
-47
-44
-49
-25
-28
-40
-41
-29
-35
-43
-63
-20
-56
-55
-31
-36
-38
-30
-30
-35
-44
-34
-24
-20
-22
-31
-34
-45
-38
-55
-34
-49
-43
-55
-43
-56
-49
-42
-26
-13
-50
-40
-33
-41
-48
-48
-61
-49
-75
-44
-28
-35
-39
-31
-37
-36
-28
-51
-51
-47
-33
-34
-22
-49
-26
-32
-53
-41
-41
-52
-45
-44
-22
-29
-46
-31
-41
-34
-43
-40
-37
-52
-69
-51
-42
-63
-46
-53
-33
-33
-42
-39
-37
-46
-36
-50
-46
-38
-27
-57
-35
-35
-47
-36
-28
-19
-51
-48
-26
-33
-29
-28
-16
-45
-54
-46
-26
-29
-42
-44
-34
-40
-29
-41
-37
-34
-51
-39
-53
-49
-34
-23
-32
-41
-24
-33
-49
-49
-38
-33
-39
-43
-37
-51
-19
-39
-46
-48
-33
-44
-39
-44
-45
-8
-44
-49
-53
-27
-28
-34
-42
-29
-35
-47
-30
-17
-39
-42
-51
-30
-30
-50
-43
-22
-31
-46
-42
-48
-61
-34
-23
-22
-38
-23
-55
-58
-36
-55
-46
-32
-38
-40
-19
-33
-39
-34
-54
-22
-41
-45
-33
-29
-38
-30
-27
-38
-63
-51
-42
-26
-15
-19
-27
-21
-37
-46
-48
-32
-65
-56
-35
-30
-48
-22
-45
-27
-44
-27
-12
-8
-46
-51
-36
-32
-39
-24
-30
-34
-58
-30
-32
-48
-24
-55
-29
-46
-39
-31
-30
-35
-32
-39
-40
-34
-54
-30
-45
-21
-38
-26
-49
-28
-38
-59
-41
-54
-32
-44
-32
-34
-30
-46
-38
-20
-46
-37
-29
-54
-37
-25
-31
-34
-33
-38
-30
-26
-41
-16
-16
-53
-49
-60
-33
-35
-41
-49
-54
-65
-35
-34
-56
-50
-45
-22
-15
-40
-71
-21
-34
-44
-37
-33
-17
-46
-39
-27
-20
-42
-18
-25
-35
-23
-37
-43
-25
-56
-41
-39
-40
-41
-19
-40
-46
-47
-48
-29
-21
-65
-18
-38
-42
-47
-57
-29
-50
-38
-47
-23
-41
-20
-45
-27
-59
-33
-36
-27
-50
-32
-53
-22
-45
-54
-31
-58
-44
-40
-40
-37
-49
-33
-22
-28
-40
-43
-37
-55
-33
-35
-49
-33
-29
-43
-49
-52
-58
-15
-24
-46
-32
-54
-34
-42
-58
-32
-47
-39
-46
-43
-55
-42
-25
-40
-27
-56
-49
-32
-25
-21
-21
-15
-72
-54
-32
-47
-42
-44
-41
-57
-31
-30
-25
-42
-21
-41
-37
-47
-33
-41
-24
-35
-32
-20
-43
-22
-37
-18
-44
-39
-61
-52
-66
-47
-15
-42
-40
-13
-36
-37
-27
-42
-48
-41
-43
-18
-36
-36
-31
-60
-20
-36
-33
-34
-50
-36
-18
-48
-33
-36
-10
-21
-29
-28
-51
-36
-41
-53
-29
-40
-30
-54
-35
-40
-53
-38
-54
-28
-31
-51
-34
-20
-21
-25
-38
-33
-28
-26
-40
-30
-29
-40
-53
-49
-38
-24
-17
-38
-19
-20
-34
-59
-26
-28
-40
-53
-43
-26
-38
-30
-17
-85
-36
-30
-46
-38
-38
-59
-30
-39
-51
-27
-32
-29
-54
-29
-28
-44
-28
-37
-37
-30
-40
-40
-49
-47
-43
-33
-36
-33
-53
-21
-60
-37
-30
-37
-44
-30
-34
-30
-18
-17
-52
-29
-23
-39
-44
-61
-18
-37
-29
-42
-47
-22
-31
-37
-33
-40
-40
-49
-48
-32
-32
-23
-14
-31
-47
-36
-20
-34
-61
-44
-28
-22
-22
-31
-31
-44
-38
-32
-23
-46
-36
-41
-40
-40
-23
-57
-28
-34
-33
-36
-46
-32
-39
-26
-54
-26
-38
-28
-26
-33
-56
-29
-54
-17
-38
-59
-32
-24
-26
-29
-35
-30
-25
-35
-41
-36
-45
-43
-41
-29
-29
-33
-31
-32
-48
-39
-44
-13
-32
-45
-30
-34
-34
-24
-43
-44
-28
-45
-27
-31
-19
-41
-57
-31
-22
-25
-38
-38
-24
-21
-36
-38
-30
-28
-36
-42
-42
-38
-27
-27
-27
-45
-54
-23
-57
-34
-31
-41
-48
-38
-37
-20
-28
-33
-35
-40
-39
-35
-53
-38
-35
-44
-28
-23
-39
-34
-35
-37
-35
-13
-39
-48
-22
-18
-45
-49
-34
-43
-26
-30
-24
-40
-20
-43
-27
-44
-35
-50
-35
-12
-31
-33
-22
-46
-24
-22
-32
-72
-41
-34
-43
-21
-29
-38
-49
-55
-33
-37
-40
-48
-42
-30
-33
-26
-39
-21
-32
-20
-56
-26
-39
-44
-36
-43
-19
-38
-19
-34
-24
-34
-26
-42
-32
-48
-44
-26
-40
-31
-47
-22
-36
-34
-30
-42
-37
-20
-27
-55
-14
-20
-44
-30
-19
-49
-37
-47
-14
-45
-28
-37
-28
-28
-48
-54
-45
-33
-31
-43
-19
-29
-31
-42
-21
-30
-27
-37
-19
-28
-42
-28
-21
-36
-40
-57
-51
-41
-33
-36
-33
-21
-30
-36
-37
-19
-38
-50
-24
-52
-26
-45
-18
-26
-29
-40
-34
-41
-33
-30
-41
-23
-39
-37
-25
-39
-40
-46
-28
-48
-41
-33
-15
-34
-37
-6
-24
-47
-41
-53
-37
-45
-33
-44
-30
-29
-35
-40
-39
-27
-47
-57
-41
-45
-38
-36
-31
-36
-38
-39
-42
-50
-39
-66
-34
-44
-49
-27
-29
-53
-29
-37
-20
-33
-44
-29
-41
-17
-39
-22
-38
-31
-41
-43
-17
-33
-43
-27
-36
-41
-32
-39
-38
-31
-40
-26
-26
-30
-21
-24
-28
-44
-33
-30
-44
-50
-63
-16
-52
-32
-10
-49
-25
-30
-27
-39
-29
-35
-21
-41
-42
-40
-32
-44
-37
-13
-28
-30
-21
-24
-26
-16
-23
-28
-44
-37
-31
-40
-21
-21
-16
-29
-33
-48
-29
-37
-21
-21
-36
-34
-16
-30
-41
-41
-44
-20
-38
-46
-34
-45
-37
-36
-36
-37
-24
-29
-38
-60
-46
-34
-44
-39
-24
-17
-42
-21
-34
-33
-28
-27
-52
-38
-17
-27
-34
-43
-40
-47
-47
-36
-15
-25
-25
-35
-28
-35
-47
-46
-30
-36
-56
-47
-35
-31
-51
-13
-26
-22
-63
-38
-28
-33
-33
-24
-47
-49
-31
-26
-27
-38
-33
-22
-45
-57
-20
-28
-38
-29
-47
-36
-26
-37
-23
-42
-38
-40
-22
-29
-37
-21
-36
-53
-23
-23
-51
-50
-22
-28
-41
-43
-31
-35
-51
-49
-36
-24
-53
-36
-26
-40
-29
-38
-33
-42
-30
-22
-23
-35
-22
-38
-49
-39
-57
-37
-46
-38
-22
-45
-45
-34
-33
-42
-14
-48
-35
-26
-26
-38
-25
-27
-51
-30
-29
-36
-48
-30
-27
-35
-32
-25
-36
-43
-38
-42
-28
-22
-32
-22
-30
-58
-33
-14
-44
-29
-36
-20
-46
-29
-37
-21
-52
-44
-34
-54
-25
-25
-25
-40
-28
-44
-22
-43
-40
-46
-38
-39
-34
-25
-39
-22
-58
-33
-20
-46
-43
-31
-35
-30
-27
-46
-39
-28
-37
-38
-39
-30
-16
-39
-37
-29
-29
-20
-40
-46
-43
-39
-20
-35
-42
-32
-26
-30
-29
-35
-34
-41
-24
-26
-45
-25
-40
-40
-32
-33
-37
-45
-40
-38
-31
-37
-35
-33
-44
-31
-28
-22
-34
-64
-43
-29
-35
-33
-41
-35
-21
-51
-40
-20
-31
-43
-24
-39
-41
-33
-32
-55
-42
-15
-24
-24
-53
-39
-30
-19
-45
-39
-46
-42
-40
-17
-42
-27
-28
-17
-40
-21
-33
-45
-33
-34
-40
-36
-25
-45
-37
-26
-35
-22
-29
-39
-32
-25
-36
-48
-34
-45
-33
-27
-6
-47
-27
-32
-35
-34
-26
-33
-36
-37
-32
-21
-28
-40
-23
-33
-33
-50
-18
-43
-25
-33
-45
-34
-32
-16
-32
-22
-41
-26
-46
-38
-34
-29
-48
-43
-32
-40
-34
-33
-32
-27
-25
-41
-29
-30
-33
-39
-47
-46
-29
-33
-39
-15
-57
-39
-43
-33
-41
-10
-36
-30
-33
-21
-23
-33
-34
-41
-34
-43
-47
-46
-30
-38
-26
-42
-30
-17
-43
-38
-36
-36
-30
-30
-28
-34
-54
-45
-45
-35
-53
-31
-35
-46
-39
-43
-28
-34
-15
-39
-45
-21
-20
-42
-33
-45
-43
-29
-45
-5
-51
-28
-47
-33
-45
-36
-32
-22
-30
-34
-36
-27
-35
-28
-34
-33
-50
-42
-34
-37
-24
-52
-25
-28
-35
-31
-41
-31
-32
-29
-36
-31
-45
-34
-25
-38
-26
-31
-34
-28
-53
-35
-24
-23
-27
-44
-33
-9
-31
-47
-29
-43
-46
-32
-32
-32
-37
-32
-22
-37
-51
-9
-39
-32
-52
-25
-36
-36
-16
-8
-17
-37
-52
-46
-39
-43
-32
-44
-42
-29
-40
-40
-27
-59
-43
-18
-45
-44
-37
-31
-32
-47
-27
-33
-31
-15
-11
-26
-35
-48
-27
-26
-26
-49
-26
-39
-32
-29
-35
-29
-41
-47
-29
-25
-25
-28
-48
-18
-43
-37
-16
-50
-28
-21
-32
-28
-31
-27
-30
-30
-26
-44
-36
-38
-40
-38
-45
-39
-22
-55
-20
-24
-24
-35
-57
-39
-26
-54
-46
-50
-22
-24
-35
-36
-30
-30
-29
-57
-22
-27
-28
-32
-45
-37
-20
-31
-38
-43
-35
-33
-27
-34
-40
-32
-34
-42
-23
-38
-29
-24
-46
-39
-35
-30
-32
-30
-39
-30
-20
-26
-13
-40
-52
-47
-44
-34
-27
-33
-52
-30
-47
-30
-31
-36
-35
-26
-37
-41
-38
-27
-30
-18
-27
-29
-27
-48
-40
-34
-31
-35
-59
-38
-22
-35
-21
-37
-26
-35
-30
-35
-32
-33
-32
-48
-24
-45
-47
-15
-41
-20
-35
-21
-24
-50
-30
-40
-42
-29
-24
-42
-40
-35
-37
-46
-36
-42
-37
-33
-19
-43
-54
-26
-35
-43
-39
-17
-53
-34
-25
-22
-48
-35
-32
-24
-52
-30
-34
-37
-23
-28
-24
-48
-42
-44
-41
-38
-39
-25
-41
-53
-43
-36
-17
-35
-45
-36
-29
-20
-44
-15
-26
-31
-33
-21
-41
-28
-17
-31
-38
-20
-25
-35
-22
-29
-12
-24
-30
-40
-34
-15
-25
-48
-33
-36
-40
-38
-35
-36
-41
-27
-26
-32
-36
-67
-36
-22
-43
-34
-30
-33
-38
-33
-32
-37
-37
-42
-36
-33
-40
-33
-48
-32
-30
-27
-47
-35
-27
-53
-37
-39
-31
-42
-29
-23
-29
-30
-18
-56
-39
-25
-51
-30
-20
-46
-45
-37
-20
-31
-40
-41
-34
-40
-35
-30
-22
-26
-20
-46
-33
-22
-46
-31
-40
-57
-29
-24
-49
-40
-38
-41
-33
-28
-24
-15
-39
-23
-28
-51
-33
-54
-29
-40
-19
-20
-17
-25
-37
-22
-35
-27
-40
-49
-28
-25
-32
-44
-22
-33
-41
-21
-25
-32
-44
-44
-41
-24
-23
-34
-36
-20
-27
-21
-38
-20
-12
-18
-38
-48
-31
-40
-54
-20
-31
-28
-36
-30
-34
-30
-36
-32
-23
-31
-23
-28
-42
-36
-30
-25
-45
-50
-23
-35
-21
-39
-37
-34
-17
-23
-17
-24
-32
-34
-27
-22
-33
-26
-21
-36
-32
-31
-48
-19
-37
-27
-29
-32
-33
-33
-38
-20
-49
-36
-45
-19
-33
-41
-37
-34
-38
-29
-31
-44
-45
-36
-24
-36
-33
-31
-29
-27
-30
-59
-29
-35
-49
-33
-44
-59
-34
-18
-9
-34
-26
-31
-24
-23
-43
-24
-46
-56
-34
-21
-27
-42
-32
-32
-38
-59
-38
-27
-45
-20
-42
-24
-35
-43
-35
-27
-48
-25
-50
-31
-33
-25
-39
-34
-25
-33
-20
-15
-13
-46
-38
-31
-33
-40
-53
-39
-43
-31
-30
-44
-35
-39
-20
-19
-29
-29
-44
-22
-50
-35
-31
-46
-26
-19
-31
-25
-38
-56
-46
-29
-43
-33
-27
-29
-53
-33
-37
-22
-43
-23
-24
-26
-41
-29
-52
-28
-28
-58
-37
-52
-38
-21
-22
-27
-28
-25
-26
-29
-22
-25
-21
-37
-30
-40
-31
-22
-30
-12
-18
-27
-32
-28
-48
-26
-44
-18
-33
-33
-21
-45
-52
-31
-21
-63
-43
-42
-30
-28
-36
-22
-44
-26
-21
-45
-54
-40
-52
-38
-43
-41
-37
-48
-38
-29
-15
-17
-24
-51
-20
-19
-11
-40
-28
-42
-25
-40
-33
-63
-31
-28
-20
-37
-35
-40
-43
-46
-28
-37
-36
-22
-68
-22
-36
-22
-29
-22
-12
-41
-28
-33
-27
-31
-37
-27
-40
-23
-30
-27
-26
-19
-8
-40
-38
-44
-38
-45
-35
-33
-30
-29
-26
-22
-44
-33
-42
-23
-47
-33
-38
-18
-38
-31
-19
-31
-43
-28
-20
-31
-40
-28
-38
-35
-30
-34
-40
-23
-24
-27
-35
-12
-39
-48
-41
-28
-45
-35
-26
-27
-26
-59
-60
-35
-26
-24
-45
-30
-34
-43
-36
-23
-42
-35
-34
-45
-51
-16
-29
-33
-47
-33
-43
-27
-41
-27
-43
-41
-28
-20
-34
-56
-40
-33
-38
-49
-48
-36
-18
-33
-50
-22
-42
-36
-26
-25
-24
-32
-34
-20
-26
-45
-26
-32
-37
-8
-30
-27
-30
-47
-19
-41
-22
-57
-51
-45
-13
-33
-38
-27
-48
-44
-22
-45
-31
-17
-31
-39
-39
-41
-21
-50
-24
-39
-26
-35
-41
-34
-33
-40
-17
-23
-37
-35
-65
-34
-16
-33
-16
-31
-27
-48
-41
-22
-26
-31
-21
-48
-21
-37
-28
-31
-24
-20
-42
-27
-40
-29
-48
-29
-29
-20
-35
-15
-35
-37
-39
-24
-31
-34
-36
-32
-14
-31
-34
-25
-34
-37
-49
-17
-32
-28
-14
-21
-36
-28
-36
-46
-43
-26
-42
-47
-21
-35
-18
-43
-29
-34
-7
-33
-20
-29
-32
-23
-28
-48
-27
-42
-35
-38
-31
-33
-23
-36
-24
-26
-39
-29
-39
-19
-23
-17
-20
-47
-39
-34
-53
-40
-43
-25
-47
-43
-34
-31
-30
-15
-23
-35
-38
-39
-32
-27
-19
-23
-34
-28
-37
-28
-13
-44
-18
-44
-14
-26
-28
-11
-28
-35
-21
-23
-42
-29
-37
-22
-28
-46
-20
-44
-23
-27
-47
-20
-26
-45
-48
-51
-32
-29
-25
-48
-41
-17
-33
-37
-35
-15
-29
-38
-17
-26
-44
-46
-41
-40
-48
-34
-27
-39
-26
-18
-26
-19
-40
-34
-24
-38
-21
-32
-29
-35
-42
-38
-48
-14
-33
-25
-40
-24
-23
-49
-30
-12
-29
-50
-48
-22
-36
-53
-35
-34
-23
-38
-35
-31
-36
-39
-15
-53
-35
-31
-26
-37
-49
-30
-37
-47
-46
-21
-29
-19
-21
-35
-37
-35
-46
-22
-35
-30
-53
-24
-31
-18
-38
-5
-20
-32
-20
-50
-58
-30
-32
-28
-46
-26
-35
-43
-22
-17
-33
-16
-34
-32
-8
-17
-27
-55
-32
-30
-23
-14
-28
-37
-36
-42
-34
-42
-23
-28
-32
-36
-30
-27
-33
-15
-46
-22
-33
-27
-16
-33
-40
-6
-31
-46
-27
-19
-30
-33
-43
-31
-31
-23
-21
-30
-30
-30
-20
-27
-22
-35
-39
-24
-40
-30
-38
-26
-35
-28
-36
-23
-18
-25
-31
-51
-34
-32
-23
-38
-26
-29
-33
-31
-45
-21
-48
-27
-56
-36
-38
-23
-29
-21
-35
-30
-43
-39
-39
-19
-19
-19
-24
-36
-40
-22
-20
-32
-19
-20
-45
-27
-51
-30
-29
-24
-32
-11
-24
-32
-19
-23
-37
-33
-32
-23
-24
-28
-30
-61
-34
-29
-23
-49
-40
-31
-37
-40
-31
-18
-14
-31
-18
-40
-27
-55
-42
-23
-44
-26
-27
-26
-38
-36
-33
-36
-42
-37
-29
-27
-28
-29
-38
-29
-35
-42
-44
-37
-44
-25
-42
-39
-17
-31
-26
-31
-30
-11
-34
-49
-36
-39
-38
-27
-33
-47
-34
-35
-26
-27
-41
-33
-38
-19
-26
-29
-43
-32
-33
-23
-28
-53
-36
-16
-18
-22
-26
-23
-50
-30
-34
-41
-49
-38
-45
-45
-39
-30
-32
-20
-30
-41
-43
-46
-43
-12
-20
-24
-19
-26
-26
-47
-36
-26
-8
-22
-35
-34
-29
-26
-33
-34
-33
-24
-31
-34
-37
-18
-27
-19
-22
-32
-25
-52
-27
-44
-27
-25
-24
-39
-43
-37
-44
-36
-46
-30
-57
-21
-32
-23
-51
-17
-20
-21
-26
-29
-37
-60
-9
-18
-23
-14
-37
-29
-14
-33
-29
-18
-48
-41
-35
-26
-25
-22
-44
-29
-45
-26
-26
-35
-40
-41
-37
-32
-22
-53
-23
-34
-38
-33
-42
-43
-26
-34
-15
-24
-30
-42
-35
-30
-38
-29
-36
-18
-48
-28
-23
-29
-24
-37
-30
-30
-22
-39
-58
-56
-40
-38
-29
-37
-23
-30
-29
-46
-42
-32
-38
-33
-31
-37
-23
-31
-35
-36
-50
-24
-33
-3
-46
-29
-35
-32
-39
-51
-12
-31
-28
-35
-46
-57
-37
-43
-34
-29
-38
-30
-25
-27
-50
-47
-41
-37
-26
-24
-35
-16
-41
-29
-25
-43
-45
-38
-22
-33
-12
-48
-33
-33
-22
-39
-36
-40
-42
-13
-16
-42
-46
-40
-32
-25
-38
-26
-53
-24
-46
-42
-48
-44
-43
-18
-32
-18
-33
-24
-41
-38
-33
-21
-38
-33
-17
-32
-24
-61
-41
-42
-55
-37
-33
-45
-28
-19
-26
-22
-25
-47
-27
-33
-36
-34
-10
-40
-39
-29
-30
-39
-32
-34
-29
-36
-37
-18
-29
-12
-29
-20
-39
-36
-34
-42
-56
-11
-43
-36
-29
-21
-42
-27
-16
-52
-17
-40
-26
-32
-34
-34
-33
-35
-32
-28
-44
-21
-30
-22
-25
-30
-31
-38
-37
-35
-12
-24
-18
-25
-19
-36
-25
-27
-21
-29
-23
-32
-5
-35
-29
-46
-20
-38
-22
-43
-29
-55
-36
-35
-39
-33
-34
-24
-37
-43
-55
-33
-41
-41
-36
-20
-31
-45
-44
-30
-30
-42
-55
-41
-38
-29
-64
-62
-26
-11
-25
-30
-51
-27
-49
-23
-45
-45
-27
-32
-43
-29
-27
-38
-12
-54
-15
-50
-38
-36
-28
-47
-46
-33
-40
-29
-34
-36
-22
-40
-34
-40
-38
-19
-29
-34
-35
-37
-38
-38
-1
-29
-30
-33
-25
-27
-29
-23
-24
-21
-44
-24
-44
-29
-45
-38
-18
-29
-31
-22
-31
-28
-23
-16
-34
-37
-24
-31
-36
-41
-41
-31
-22
-53
-26
-44
-39
-49
-30
-22
-30
-24
-39
-32
-36
-47
-39
-18
-34
-26
-21
-41
-22
-22
-43
-37
-35
-53
-3
-28
-29
-39
-39
-38
-27
-22
-19
-9
-32
-47
-39
-19
-16
-22
-31
-22
-41
-65
-48
-36
-28
-35
-42
-33
-48
-33
-33
-32
-39
-31
-45
-20
-44
-20
-44
-25
-21
-22
-30
-27
-34
-28
-15
-33
-36
-44
-15
-57
-18
-30
-51
-50
-36
-35
-39
-8
-35
-17
-33
-28
-35
-57
-57
-47
-45
-26
-25
-34
-32
-31
-31
-45
-39
-30
-38
-19
-36
-30
-43
-21
-27
-27
-26
-30
-37
-30
-32
-32
-32
-56
-29
-29
-20
-32
-31
-25
-34
-44
-24
-59
-31
-36
-40
-43
-30
-14
-33
-34
-17
-30
-20
-22
-46
-38
-33
-39
-42
-33
-44
-58
-31
-29
-21
-46
-8
-35
-32
-34
-46
-30
-22
-30
-42
-32
-36
-30
-34
-32
-13
-40
-38
-29
-33
-33
-37
-53
-19
-43
-30
-40
-24
-41
-43
-42
-29
-28
-42
-36
-37
-38
-39
-60
-35
-20
-28
-38
-38
-24
-42
-27
-24
-38
-28
-26
-37
-27
-27
-19
-19
-25
-19
-26
-13
-57
-27
-30
-40
-39
-56
-13
-42
-36
-25
-43
-18
-42
-52
-25
-26
-30
-30
-32
-40
-26
-27
-36
-33
-24
-27
-23
-12
-27
-24
-39
-27
-33
-43
-32
-34
-40
-24
-32
-45
-30
-41
-40
-45
-36
-50
-24
-21
-22
-41
-36
-48
-38
-32
-22
-40
-40
-27
-17
-27
-15
-22
-33
-32
-17
-26
-24
-28
-21
-19
-21
-16
-23
-32
-46
-23
-42
-36
-38
-45
-32
-23
-33
-43
-36
-38
-35
-21
-29
-36
-49
-14
-31
-41
-26
-20
-34
-29
-32
-27
-25
-30
-27
-22
-37
-28
-16
-35
-35
-15
-30
-34
-28
-18
-41
-18
-28
-28
-36
-32
-41
-38
-22
-40
-31
-29
-29
-15
-46
-27
-41
-37
-18
-41
-41
-20
-22
-45
-30
-31
-21
-29
-34
-32
-24
-20
-46
-39
-21
-34
-20
-30
-30
-36
-22
-36
-36
-23
-22
-41
-38
-24
-44
-31
-46
-38
-45
