4123
4043
4584
3299
3949
2451
4057
4642
4473
4515
4629
3925
4167
4046
4013
5096
4002
1144
4015
3983
4494
3926
4041
4667
3406
2265
4488
4658
3519
3365
4591
2224
3970
4630
4657
3978
4009
2382
4476
3428
5148
3974
4013
2846
4103
3490
2373
3932
3382
3555
3440
4567
3369
4128
4081
2919
3891
2823
3425
3423
3449
4123
4550
4580
5072
4102
3405
3440
3404
3389
2862
2930
4610
4646
4594
2895
2870
4036
4592
4624
3969
2915
4582
4196
4584
4617
4623
4109
5244
2892
5157
3406
4049
3984
3572
5199
3522
2178
2706
4583
4022
2866
4029
3380
3454
4021
3927
4544
3411
4037
3455
4723
3378
4070
4608
3893
4550
4036
5173
3980
3516
5235
4668
3919
4611
4564
4076
4595
4541
3512
5119
4560
3421
2290
3381
3441
4034
3471
5080
3938
4124
4121
4620
2900
5206
4635
4044
5031
4101
4631
4700
4114
4480
4111
4609
5140
5121
4000
3926
4646
5236
3467
4631
4580
4112
5611
4050
5192
3579
1221
4614
4632
3383
4595
4604
3363
5120
4593
3399
4101
4554
4637
4038
5741
4531
4703
3495
5697
4668
5113
4687
3994
4271
4071
5687
4990
4094
3349
5164
3919
4539
4612
3992
5024
4607
4520
4057
3380
4519
4582
4080
4697
5120
4067
3474
5708
5239
3995
5716
3382
4636
2928
3503
4608
4738
4636
3925
5154
3956
4486
5203
4578
5210
4618
6278
4478
4577
4662
4495
4020
4013
5070
4614
5132
4124
4037
3470
4550
4082
5279
3982
4593
4701
4691
4618
4068
4583
4079
4041
4569
5149
3979
5672
4015
4577
3444
5124
5630
5191
3559
4054
4595
5150
4551
4407
3441
3515
4652
4706
4125
4549
4113
4672
2990
4617
3446
4530
4000
5187
4628
3981
4453
5737
6135
2820
5148
3975
4621
3994
5131
4149
4639
3939
3329
6285
3459
5791
4527
4039
4694
3797
4023
4045
5077
4031
3978
4497
4549
3485
5175
5300
4540
4519
5154
5108
4106
5242
4054
4621
3569
4526
4509
5759
3948
3399
4029
3438
5268
5187
4551
3882
4124
5727
3433
5177
4057
5213
4489
5107
4585
4676
3969
5122
4659
4106
5629
5134
4669
5098
3954
4652
3453
3974
4624
5687
3394
3997
4758
3457
5809
4120
5156
5682
4057
4549
5104
2940
4633
4024
4117
5649
3382
4019
5167
6344
5652
5025
5758
3967
4020
5204
3488
3506
5134
3962
5217
4128
5089
4604
4632
4512
4139
4609
4133
4035
4559
4588
4561
4145
4102
5098
4650
4096
3357
5125
4045
4009
3452
5203
4594
4008
5247
4605
4535
4685
4045
5109
4726
5775
4096
5164
5860
4023
5237
5081
5806
4047
5730
5619
2997
5211
5151
5152
5109
2874
5106
5004
4559
4071
4733
5076
3961
4031
5211
5782
3326
5194
3934
3577
4649
3974
5713
5186
3916
5157
4061
5151
4569
5765
4670
4622
5130
3428
4678
4531
5803
5768
5137
3950
4698
4464
5153
5208
5219
4581
4623
4117
3974
5169
4002
5189
4601
3997
3987
5730
5268
5740
4594
4495
5245
4024
4534
5165
3407
3394
4514
4053
5159
3958
4674
4703
4037
6365
5115
4705
4612
5025
5745
5212
4086
5129
3433
4047
4545
5133
4565
4075
5244
4609
5675
4077
4107
5224
5770
5133
5200
5179
4567
4571
3956
4601
3567
4645
4551
3997
4155
4627
4657
5025
4574
5765
5194
6114
2854
4658
5151
3319
5130
4033
5081
4014
4545
5181
4053
5871
6344
5164
5243
4627
4079
4688
4049
4670
4599
5169
4608
5167
3942
5731
4600
4645
4097
5666
4052
5705
4046
5591
4106
5617
5133
4683
5118
4598
5201
3481
5193
4065
5171
3981
6308
4229
4629
4715
3977
4614
5723
6360
4721
4648
5093
4643
4694
4607
4610
4620
5770
5228
3975
5802
5154
3939
4521
5187
5197
5162
5843
4044
4446
5209
4631
4574
5141
3450
5209
4686
3996
5157
4579
5160
4108
5832
3965
3948
5801
5210
5192
4094
4063
4551
3379
4606
3964
4040
6315
3455
5209
5092
5767
4621
3965
4594
5135
5114
4082
3470
4010
5161
6275
5298
4012
4512
2834
2761
5202
4190
4553
4545
5228
5192
5759
5788
4593
5787
4092
4595
4011
4553
4005
4522
5597
6277
4556
5701
4025
5710
4640
4549
5046
4588
5689
4021
3969
4041
5191
4655
5709
5105
4589
5132
5784
5741
4573
3513
4490
5719
6215
4535
4147
4580
3975
4013
4522
5196
5773
5204
5155
4593
5094
4117
5208
4048
4548
5640
4458
4592
5154
5809
5768
5192
4645
4636
4056
3989
3993
3993
4205
4595
5025
5733
4040
3992
5744
5818
5205
5159
4529
4023
5121
5049
5677
4606
4540
4656
5721
3915
6962
5738
5064
5787
5223
4586
4498
4658
4568
4466
5192
4054
4447
4586
4060
4519
4026
3493
5202
4612
5139
5711
5207
4066
4024
5156
4486
4053
5217
4668
4594
4059
5148
5186
5152
5200
4648
4620
4669
5234
5290
5698
4614
4586
5711
5655
5734
4613
4621
3989
5125
4585
3407
4599
4741
4635
5208
5834
4577
4020
4659
4099
3978
4659
5214
5702
4626
4561
4743
5763
4610
4648
5692
6865
4617
4595
5133
5068
4669
5292
3995
5745
4656
5279
4540
5176
3962
4118
4625
5696
5697
5733
5746
5196
5153
6308
5095
6261
4518
5769
5143
4623
4619
5179
5180
4539
5073
5212
4067
4604
5064
4614
5252
5190
4043
4441
5229
5706
4642
4569
3988
4030
6204
4172
5233
5107
4570
4113
5222
4523
5125
4618
3508
4059
5766
4564
4061
4460
5207
4034
4662
4468
3883
4003
5734
6271
4059
5688
5131
5172
5269
4617
4067
5157
2879
4682
4593
5702
4032
3496
5192
4068
6133
4593
4458
5658
5334
4154
3943
5819
5235
4723
4057
3999
6317
5736
4616
4584
4619
5154
4610
4087
4491
4500
4044
3493
4568
5149
4619
4079
5155
3423
4047
5137
5187
2880
4613
4579
5322
4079
5205
5726
5727
5217
5191
5130
4541
5207
4537
4726
5129
6271
3425
4677
5160
3967
5168
4635
5780
5752
6247
5067
4033
6288
4082
4566
3985
5185
5209
5154
3492
5693
5198
6326
3368
5073
5088
4647
5162
4532
4512
4560
5224
4087
4677
5176
4648
4170
5270
5151
5049
6336
4465
5774
6318
3976
5118
4666
5149
5101
5330
4663
5104
4630
3955
5827
3428
5227
4559
4052
4596
4009
4659
5120
4072
4039
5045
3305
4744
5069
5802
4601
5197
4655
4467
4039
4669
4574
5129
4603
5219
5149
4559
4568
5224
4584
3399
5113
4573
4029
4105
3300
5736
4536
5222
4723
6287
4660
5224
5129
4536
4600
5050
5143
4472
3977
4561
4673
3933
4665
5212
6325
5257
5711
5700
4638
5127
4548
4655
4072
4538
3984
5732
5255
4587
4498
4709
4546
5712
4094
5156
4486
5079
5093
4023
4676
5187
6231
4606
4567
4527
4639
4116
4658
4623
5172
3968
5134
3957
3549
5765
5089
4490
4689
5724
4016
4600
4598
5233
4524
5120
4650
4584
5210
4580
5124
3308
5211
4682
4529
3994
5753
4069
5186
4014
6259
3561
4012
4690
4592
4560
5160
6268
3467
5058
5193
4629
6337
5243
6341
4159
4729
5217
5230
4654
5135
3302
5112
4614
5207
6209
4643
4551
4432
4569
5262
4643
4751
5590
5686
5183
4068
4082
3918
4565
5759
5209
6191
4584
5060
4120
5781
4052
5081
4501
4543
4101
4590
5256
5712
6351
5215
5073
5158
5121
4017
4011
4637
4686
3309
4564
5065
5166
5723
5776
3995
4013
4715
4537
4639
3993
4001
4035
4603
6347
5178
4641
5155
5192
4482
5194
4583
5206
4053
4666
4609
5194
4673
5197
4162
5896
5143
6264
4656
5086
4035
5680
4646
4530
4524
5190
3539
3969
5109
4636
4559
3397
4563
5711
5158
4146
4523
4559
4014
4625
5128
5193
5669
4720
4605
6353
5107
5642
3516
5651
4666
5814
4563
3500
5784
3932
5178
5216
4640
6250
5160
5106
3988
4546
3449
5786
5259
5097
5813
5118
5601
5204
4557
4723
5219
4043
5161
5111
5765
5748
5799
4627
5712
4423
4521
4568
5739
4020
4729
4525
5610
5112
5144
3969
4575
5273
5775
4636
5807
4629
6318
4450
5739
5718
5217
4713
5238
4016
5227
4096
4572
5106
5749
4627
5304
5249
4135
4615
3410
4655
5795
5223
4690
5121
5142
5074
4037
5250
5169
4612
3500
4578
4022
5669
5753
4587
4600
4687
5222
5149
4604
5691
3923
5732
3989
5152
4610
4558
5766
5134
4121
4561
4588
5178
3544
5221
4441
4032
5626
5186
4616
5185
5176
4086
5117
5140
5095
4669
5726
5668
4067
4647
4160
4507
5071
4455
4630
4178
4433
4970
3518
4625
4639
5208
5715
3456
3861
6203
5236
4022
4587
5168
5769
3404
6256
4693
4542
4609
4559
5217
4521
4035
5847
5676
4610
5203
4629
5174
3344
5101
4598
4669
5181
4639
4010
4092
5674
6365
5124
4089
5201
5123
4531
4577
5192
4073
5074
6297
4681
5125
3959
3987
4598
5080
5099
4585
5690
5206
5794
5750
4556
5726
5776
4525
4589
4016
4646
5111
4023
5069
5694
3599
5144
4614
4587
4548
5677
4575
4507
3402
4453
4543
5229
5071
5180
5801
4637
5139
4573
4637
3937
5235
4609
5301
5360
4607
3923
5256
4484
4723
4713
5731
6237
3417
4529
4566
4072
4648
5108
4087
4600
5797
3402
5203
4130
4066
4546
3512
5193
4589
3475
4577
4574
5776
5088
4666
4131
4611
4018
5756
4504
4068
5209
4000
4681
4637
6210
4511
4582
5809
3998
3892
4100
5224
5134
5038
5133
5742
5777
4657
4586
4671
3375
4118
5739
5689
5219
5166
4543
4567
4516
5225
5071
5222
5724
5161
5731
3443
5694
5173
4131
4655
4568
4662
4611
5235
4097
4028
6231
4594
5142
4153
4057
3958
4033
4523
4069
4151
5835
5737
5774
4655
4563
5207
3994
5236
4639
4072
5622
4576
3951
5847
3991
5206
4069
4573
4474
4572
3846
5187
5144
4597
5669
4547
4529
4655
3925
4041
4606
5164
5792
4229
3478
5743
4538
4058
3988
4125
5125
5231
4975
4129
5255
4604
5683
3910
5789
5168
5768
5726
5193
5744
5168
5217
4458
3819
5195
5096
3983
4596
3966
5184
5123
4551
4646
4615
5108
5687
4606
5180
3522
5804
5808
5214
5125
4543
4589
4680
4033
5821
5061
5267
4662
3948
4050
4454
3990
5082
4639
5282
3550
4471
5283
5086
4116
4641
4574
4661
4000
5016
5160
4544
4521
4710
5158
4019
5164
3978
3560
5170
3551
4082
2774
5166
5213
4519
5692
5072
5171
4111
3950
5208
5618
4583
4020
4644
4520
4027
4613
4469
5146
5263
4581
4592
5711
5185
5794
4046
4622
4561
5276
5016
4595
5814
4521
5184
4605
4677
4103
4114
5260
4682
5151
6295
5180
4031
5215
5211
4617
5154
5797
5174
5716
4061
3973
4605
5116
4584
5101
4501
4537
4021
4489
5152
4555
4616
5734
4665
4704
4589
5138
4029
4039
5750
5165
4681
4532
5104
3491
3897
4517
6252
4093
5272
3468
4544
3293
4035
4606
3973
5218
4586
5780
4492
3887
5740
5218
5695
4565
4632
5286
4531
4016
5728
5189
5181
3627
4641
4550
4595
5216
4605
4648
5707
4577
4032
5807
5868
5087
5206
4553
4605
5153
4670
4601
4696
5733
4635
5144
5669
3887
5291
4668
4512
4539
5638
4080
4610
3998
5185
5138
5770
4618
4669
5647
4643
5266
5157
5132
3345
4603
4563
3984
5155
4663
4033
4674
3938
5121
4587
5763
5100
4028
3384
5722
5188
4644
5264
4613
5755
5093
4642
5161
4655
4630
5765
4543
4640
4601
4088
3483
5109
5303
4602
4546
3464
4570
5803
4624
4674
5695
4630
4570
4071
5136
4532
5782
4612
5726
4603
5101
6307
4587
4590
5196
5283
4548
3973
4051
4044
5154
4033
5639
5749
5172
4504
4554
3490
4528
4659
5820
5255
5268
5131
4611
5183
5180
5237
4055
4452
3473
4619
5267
5194
5112
4581
4671
3494
4696
4570
5740
5239
4046
5192
4134
5211
5676
4537
4698
5789
3984
4585
4632
5108
5804
3539
3906
5135
4134
4044
4110
4494
4595
3959
4638
5204
5224
5190
4074
4092
4753
4036
4145
4550
4537
5126
5198
4227
5159
5164
3510
3478
5733
4136
4548
4032
5732
4130
4034
4646
5159
5154
5554
5802
4631
5683
4662
4004
5189
4684
5181
3580
3617
4567
5090
5078
4079
5680
4617
4601
5189
5195
4539
5061
4453
4163
5211
4019
5649
4033
5270
4523
4513
4759
5165
4606
4551
5606
5175
4680
4658
4668
5118
4015
3943
5195
4023
4576
4616
6302
4081
3655
4578
4608
4452
4595
5228
4613
4029
5201
3918
5210
5113
5797
4019
4069
3518
5156
5179
5199
4029
4588
3428
4751
3327
5148
4501
4548
5175
5263
3614
4624
4506
4614
5190
4637
5146
5083
5151
5111
4663
4628
4062
5679
5200
4621
4615
4528
4121
5175
4545
3993
4579
3343
4564
5183
4966
4088
5119
4601
5716
5198
4568
4091
4633
4445
5200
3534
4581
4515
4516
5190
4548
5155
4060
3548
5137
5150
4070
3475
5032
3922
4021
5730
5062
5177
4548
3547
4622
4720
4563
5129
4615
5781
4706
5144
4599
4525
4536
4143
4570
4669
5231
4705
5162
3627
5160
5085
5200
5162
4511
4430
4653
4634
5208
5122
4613
5704
4572
3407
3352
5786
5688
3556
5045
5257
5056
5267
3474
5215
4082
4469
4618
4480
4599
4654
4045
4745
4666
5215
5258
4493
5186
4081
3390
3828
5167
5141
4011
4569
5156
5293
5227
4571
3406
4459
5235
4646
3455
5163
4549
4078
4154
5755
4611
5188
5133
5240
5097
4073
5748
4644
5162
4047
4148
4631
3986
4014
5181
4039
5835
5097
4572
4631
4600
4643
4154
4086
5655
5159
4029
4480
4459
3923
5153
4038
4571
4640
5121
4699
6355
4024
3987
4611
5213
5130
4611
4606
4519
4634
3547
3953
4589
4694
4507
4040
5098
3821
5100
5735
4584
4515
5141
4565
5199
4058
4044
4038
3315
5150
5112
4597
5733
4607
4668
5072
4524
4074
5789
4092
5205
5157
5198
4595
5834
5199
3206
5094
4078
4085
5174
4623
3982
4563
4053
5729
5191
5120
5166
4589
4099
5724
5864
5715
3982
5196
4011
5151
5706
4592
5134
4642
5041
5228
5755
5676
3958
4646
5132
4607
3988
5251
5114
4670
4109
3992
5714
5721
6282
4066
4036
5778
5230
4045
4040
5233
4000
4020
3997
4592
4559
5199
5683
5681
4004
4027
5160
5656
5207
4045
4083
5157
4042
5194
3984
5258
5849
5197
4111
4012
5204
4597
5127
5109
5225
6304
5677
5696
5078
4019
5109
5115
4567
4653
5204
5157
4072
5807
4682
5901
5120
3421
4144
4666
5117
4688
4519
4157
5770
4679
3999
4618
4606
5135
3990
5136
5247
4654
5622
5143
5283
4057
4660
4658
4606
5196
4664
3913
4672
5705
4008
5184
5109
4096
5730
5130
3467
4649
5205
4590
5206
5085
5203
5211
5241
3539
3998
5193
5184
5717
4549
5124
5152
3882
4610
5281
4015
5270
3387
4140
4605
4019
3986
5113
5273
4118
4084
4667
3338
4676
5846
5194
3987
5142
5203
4688
5639
5147
4630
4638
5039
4507
4021
4587
4600
3456
3966
6281
4641
3452
4647
4592
3502
4162
5738
5743
5165
5186
6180
5800
4605
4063
4690
5202
5735
5163
4671
4598
6253
4051
5635
4651
5087
5802
5233
4574
3927
5110
5697
4560
5159
3981
4582
3967
5669
3996
4569
6348
4616
4019
4536
4035
5780
5195
3437
4021
5686
5206
5185
4075
5248
4677
5312
3847
5080
5244
4602
4030
3422
4118
5090
4599
4674
5096
3536
6322
4639
5124
4466
5167
4606
4634
5296
4091
4547
5772
4521
5199
5078
5126
2988
5119
4692
5095
5747
5132
5709
4004
3958
5223
5741
5704
4565
5068
5133
4612
4023
5713
4671
4095
5213
4072
4591
5234
5050
3993
3947
5754
3379
4600
4662
5112
5818
4505
5090
4028
5174
4610
4524
5171
5147
5224
4527
4578
3363
6212
3904
5162
4565
4591
5104
3949
3414
4519
5713
5102
5134
6226
6198
4097
5598
3594
5222
4622
4545
4685
5742
4569
5204
4611
4576
5146
4613
4684
4017
5786
5740
5232
5132
3392
5162
4024
3899
4661
5812
5831
5126
4081
5243
5785
5173
2926
4616
5228
4644
5101
4584
4026
6331
5768
4488
5787
4627
5782
3974
5160
4630
4523
4644
5683
4714
4649
5169
5204
5750
3592
3987
4054
3934
5190
6303
6321
5718
4667
5220
4053
5066
5690
5749
4016
4553
4568
5094
6305
5203
4618
5208
4513
5668
5121
5714
4019
5008
5167
3972
6278
3428
4562
5191
4608
4090
5147
4585
3425
4025
4652
4590
4090
4602
4022
4616
4550
4077
3462
4603
4618
4637
5109
3567
4585
5753
4546
4677
5145
5110
4046
5621
3967
3386
4615
6334
3489
5062
4677
4608
4616
3913
3459
4547
5167
5770
5806
4016
4622
5789
5090
5143
4486
5159
5096
4567
3957
4549
4536
5161
4693
4045
5727
4003
4092
4514
5173
4560
5112
4515
4072
5188
5108
4561
4031
4543
4575
6266
4522
5224
3995
2908
5619
5216
4636
4526
6327
5068
3505
4058
5139
4005
4130
5146
3943
5693
4540
5734
3417
3944
5061
4067
4633
5256
5063
5108
6215
5622
4516
5194
4605
4618
5605
4682
5254
4548
5242
5689
4111
4520
4521
5643
4472
5133
4519
4702
4018
3330
5806
4593
4602
4603
5097
4755
4560
4586
4523
5090
4542
5167
5054
4617
4562
5170
4076
5205
5194
5114
5751
4540
4460
4569
4569
4624
4562
5765
3380
5106
5170
4134
5170
4023
5716
3390
3878
4598
5276
3984
4580
4057
4601
4663
5129
4035
5100
5692
4630
4669
5108
3478
4050
2935
5270
4192
5175
5806
5200
5196
4484
4663
5127
4634
4565
4061
4059
4624
4107
4631
4624
4141
2940
4637
4552
4674
3474
4673
4664
5182
4640
5226
4078
4490
4580
5753
5142
3489
5733
3543
4701
4608
3920
5165
4066
5183
4426
5140
4548
4665
3919
5733
4569
4600
5237
4674
4083
5172
5117
5141
4023
5798
5094
4065
3468
5209
4073
5720
5804
4659
3971
5697
4703
3957
5233
5024
3428
3436
4055
5204
4025
5167
5661
5022
5198
4565
5157
5741
4461
4040
4629
4616
4692
4003
4081
4615
5223
5812
4674
5146
5695
3973
4670
5135
4578
5222
4028
3479
4039
5170
5204
4072
4489
5202
5751
6335
5721
4023
5673
4090
4656
3485
4531
4551
4142
4011
3505
5135
4068
4623
3976
4689
5164
3846
4682
5105
4576
3528
4098
5152
5184
4563
4570
4625
3992
5211
4017
5213
4504
5188
4591
4570
4007
4626
3874
4704
4649
3478
3966
3900
5244
4628
4589
4602
4076
4595
4061
5754
3979
3408
4077
5188
3944
5650
4478
3503
3388
3907
4013
5727
5701
4069
4597
5047
4618
3504
5124
5185
5807
4643
5025
3893
4049
5073
4479
3521
4583
4580
4574
5212
5122
5101
4611
4529
5111
4499
4669
5763
3922
3939
5159
4575
4658
4085
4070
5798
5097
4005
4076
4578
4565
5175
4186
4558
5204
5036
5199
4524
4085
3978
3985
6209
3427
4070
4640
5280
5068
5750
4669
4022
4105
4711
4653
4579
4613
3406
5715
4116
5173
4499
5758
3856
4032
3925
5646
4005
4565
4621
5219
4498
4092
5746
3454
4182
4575
4171
5224
5740
2943
4084
3334
5119
5700
6298
5721
4582
3374
4639
5688
5645
5167
5637
4467
4593
5190
4632
6310
4602
4625
4590
5137
4548
5228
4568
5116
4044
4128
4528
4626
4520
4743
3487
3962
5209
3911
4572
5692
4606
4566
5232
4569
5221
3950
3336
4525
4482
5203
4651
5019
4628
5688
4603
5132
4703
4037
4742
3399
3431
4037
5764
4606
5198
4579
5102
6348
5700
6239
4562
4045
5701
5677
4107
4111
5105
4550
4634
4066
5087
6236
3489
4584
5162
4088
5152
4646
3945
5109
4616
4527
5217
4077
5270
3993
4647
5133
5213
5744
3943
4652
5649
4573
4555
5680
5174
3568
3976
5184
4063
4529
4042
6334
5753
4669
3466
4552
4622
5793
4628
4111
4047
3567
5164
4038
4064
4039
4052
4622
5140
5110
4080
4544
4539
3961
3940
5122
5169
4594
5205
4660
4641
5110
3919
5151
5119
5187
5099
3933
3464
4585
4604
5184
5141
4599
5700
6276
5113
4669
4154
5133
3341
5180
3491
4079
5138
2981
5198
4024
4485
5656
4614
3981
4108
4047
4551
5078
5136
4534
6795
4601
4599
4078
6298
5690
4014
4071
4035
5180
5211
3904
3997
5122
4091
3538
5218
5815
5120
5747
3969
5757
3396
5169
4612
4020
4597
5139
5200
5657
3999
4007
5156
3995
3960
5176
3959
5133
4099
3429
3491
4016
4125
5061
5171
5704
5209
4624
5263
4521
4532
4069
3484
4664
5135
4579
4594
5145
4031
5187
6374
4681
4580
5006
4572
5190
4677
5128
4605
3380
5683
4577
4105
5193
5771
5212
4048
3348
6323
3993
3960
3988
5826
5258
4654
3939
4014
4054
4546
4049
6230
4616
4575
4598
4619
5170
5178
4561
5129
4589
5208
3957
3905
4513
4113
4545
4167
6282
4202
3446
4542
5070
6199
4653
4542
4630
4564
4561
6322
3354
5692
3361
5704
5700
5213
4591
4607
4654
3573
4491
5216
4021
4582
4587
5052
5137
4629
4583
4632
3981
4066
4499
3965
4604
5703
4647
4545
5701
4003
4645
5143
4603
4647
5170
3424
4594
3945
4015
4586
4548
5129
4053
4532
5295
5089
4654
4602
4495
5257
5205
4690
4016
5274
4572
4529
3396
5087
4182
4013
4585
4650
4565
3467
4577
5704
5194
4545
4562
4521
5169
5179
3985
6332
4381
3507
4088
5124
4530
4086
4016
5192
4527
4497
5181
5264
4462
4080
4555
5762
5643
3954
5117
4606
3459
5709
4054
5171
4565
4442
4598
3991
5168
4622
3469
5227
2898
5172
4071
3571
4563
4042
4627
4566
4575
4586
2976
4036
4026
3426
4613
4074
5666
4071
3985
4557
5098
3961
5239
5238
5768
4618
4607
4075
3959
3434
5139
4617
5156
3975
4564
5162
5778
5711
5088
4991
4506
3547
3368
3459
4540
3475
4539
3998
6915
5237
3991
5175
4646
3509
4576
5132
4659
4055
4660
4537
3411
5203
4106
3383
4637
5231
3967
4470
4108
4987
3953
5206
5177
4609
4076
4013
3989
4063
3459
3975
4027
4619
4609
4152
4601
4743
4549
4545
3909
5758
4556
4100
3437
3030
3945
6268
5127
4084
4627
4661
4639
5781
3330
4566
5794
4607
4128
4009
4031
6227
3880
4601
4041
4067
4124
5165
5181
4640
5221
5198
5184
4575
5735
5670
4588
5186
4077
4674
5211
3520
5283
4535
4669
3913
4550
4586
4616
4034
5791
4068
4631
5251
5202
5096
4541
3940
4566
3990
3938
4685
4006
4510
4577
5094
3453
5212
5742
6365
5122
5664
4682
4434
4489
4556
4519
4027
4124
3946
5690
3972
4540
5133
5131
5634
6316
4631
4665
3508
5141
5051
5162
4003
5180
4697
4032
4506
4118
5175
4101
3915
3868
5177
5176
3955
4614
4564
4448
3535
5093
4617
4688
4541
4643
5139
5112
4526
4586
5180
4645
5284
4620
2817
5189
5157
5155
4111
5728
3993
3990
3450
4602
3998
5718
5117
5147
5178
5235
4513
4607
6285
4097
4675
4652
4039
5193
4075
4617
5110
4706
3452
5141
4554
4695
6372
4626
4475
3510
4522
5167
3471
4568
4604
4590
5692
5663
5140
4125
4487
4571
5741
4633
4661
4681
3368
5682
4556
5195
4556
3913
4066
4632
3447
5651
4591
4128
4660
5825
5095
5099
4664
4603
5075
5780
3896
6328
4033
3979
5104
4560
3502
3461
3979
5182
3965
4564
4626
4732
3974
4548
3899
4595
4019
5706
3497
4588
4696
4547
4730
5053
5255
4547
4036
4635
4492
4093
5217
5792
4560
5103
4036
4619
4059
3997
4506
6334
4020
4475
3459
4579
4641
3454
4054
3950
5773
3456
4471
4039
4716
6229
4625
5707
3410
5787
5121
4071
4637
5674
3459
4582
4557
5838
4620
3534
4106
4548
4505
4018
5172
3999
5085
3334
4519
2843
3975
4077
5600
4604
4018
4002
5219
4072
4579
4547
5140
5088
5166
4019
4650
3410
3451
4609
5139
4575
5183
5664
3992
6293
4694
5147
4108
3954
2858
4465
4030
5102
3965
3993
4600
3526
3924
4546
5181
4478
4528
5300
4646
4587
5208
5152
5134
4603
5101
4523
5079
3595
4017
3429
4671
6390
4634
3917
5185
5274
4014
4461
4573
5210
4026
5827
3989
4633
4537
5107
4021
5142
3961
4118
5751
4070
5741
4033
5758
4569
3525
5721
4526
1742
4020
3501
3855
2913
2957
3989
2242
2824
3456
2883
3374
1851
3974
4075
4029
5183
2911
4517
3488
4047
2254
4007
3452
4002
5186
3363
2930
4022
2928
2907
2287
4463
2052
5185
2945
5223
4564
2300
2912
5079
3467
4668
3369
5203
3497
3850
3413
4116
3460
3455
3459
3506
3321
3953
4647
3372
4140
4075
3489
4049
4048
4646
3476
4087
4653
4089
4028
4109
3392
2848
2896
4001
4059
3982
4480
2815
4035
3336
3530
3882
3574
3496
4654
5724
3467
1705
3874
2779
5734
4668
4658
2279
5716
3463
4097
3466
2387
3380
4569
3549
4461
4044
3536
3599
4057
5243
4052
3343
4645
4029
4695
3975
2889
3506
4695
2726
3031
4111
4518
2915
4062
4014
4121
3446
3514
3958
3890
5171
4515
4027
4650
4655
3609
4712
4508
4712
4003
4088
3266
4014
4710
4509
2928
4603
3447
3435
4046
3294
5844
4019
4541
4122
5303
3893
5109
5275
4018
5149
4621
4071
4733
3361
4011
3486
4077
4620
3908
3426
3488
3951
3415
4599
3449
4664
4610
4644
4660
4518
3516
5283
4645
4086
4596
3365
4023
4471
4541
3550
3990
5089
4554
4628
5676
3502
3908
4036
5147
5224
4566
4072
4011
4655
3475
3501
4032
4578
5161
5192
5693
4686
5195
4064
2837
4076
4577
3946
5228
3358
3434
5088
4526
4623
4630
4021
5143
4015
3346
3410
4645
3981
5209
4439
3467
5211
4568
3959
3499
3982
4625
4592
2984
4696
4468
5166
5125
3480
4432
4094
5726
5205
4022
2793
5190
3602
3931
4642
4676
3961
3897
4064
4541
4026
3883
3971
5655
5143
3505
4596
3993
4416
4546
4108
4576
4712
4053
4598
3963
3518
4657
5776
4537
3999
4496
5120
4450
6290
2360
4465
4495
4625
4116
4573
5038
4582
4644
4656
4550
4580
5186
5194
5144
4019
4607
4580
5259
4674
5122
5185
5166
4051
4569
4065
4498
4049
4592
5720
4063
3901
3465
4491
5231
4668
3300
4646
4554
5246
4564
4533
5205
4567
3507
4560
4489
6302
3977
4618
4559
4573
4001
5186
4626
4496
4551
3892
5822
4590
5092
5248
5128
4063
3597
4626
4679
5134
4506
5733
5776
4017
3913
4046
4597
3444
5214
4046
4587
3405
5173
4554
5120
4590
3925
5185
5134
6294
4034
5121
5133
4650
5114
3927
2965
4567
4083
4638
4545
4067
3471
5693
4609
4036
4201
4116
4559
5088
4452
5180
3554
5728
5770
3959
5148
4627
6276
4650
5670
4638
4027
3482
5702
4050
4702
3506
5151
5219
5695
5147
5183
3985
4013
3981
5014
5274
3545
3493
4030
4539
5251
3912
3997
3524
4613
5634
4607
3956
3459
4049
4573
6282
3428
4027
5223
4570
5183
5224
5086
5093
4653
4531
4523
3436
5162
4530
4687
5749
5167
3450
5267
4554
2936
5738
5183
4547
5737
4576
4037
5190
4639
4617
2879
5186
5748
5232
5745
4616
5192
4044
5204
3982
4563
4536
4594
4579
5182
4714
4133
5011
5208
4658
5096
5214
3427
5652
4520
4555
4096
5051
3428
5145
5275
4041
5812
5090
5166
4991
4643
5205
5654
3434
4016
3868
4687
5151
5231
5113
4704
4053
5192
4121
4017
4625
4555
3970
5197
5206
2928
4115
4040
4501
5105
4038
6267
4648
3528
5744
5870
4568
4664
4618
3449
4589
4088
6216
5165
3967
5218
3515
5223
5656
4078
5149
4637
5186
3936
3956
5136
4552
5161
3934
4529
4648
3886
4664
5729
4106
4686
3846
5738
4601
4052
3538
5669
5204
4621
4550
3412
5595
4608
4540
4094
3328
5040
5634
4582
3843
4533
6304
4477
4582
5123
4643
4101
4517
4657
5183
4040
4608
5258
4086
5242
4021
5036
5581
3980
4653
3919
4012
5149
3955
4012
3485
5751
6292
4655
5172
4523
4486
4699
4471
4589
5100
4066
5170
4607
4054
4639
4661
3995
4540
5173
4616
4582
3957
4023
3961
5172
4611
4533
5598
5208
5661
4636
5161
4052
3437
4012
3976
3961
3481
4618
4563
4528
5105
5776
4566
5733
5749
5210
2901
4729
5199
5133
6328
5553
3964
5077
5145
4590
5210
5167
5739
4613
4548
5080
4506
4594
3993
4691
5201
5087
5083
4739
5738
4011
4603
4746
5765
5165
4105
5139
5730
4454
3459
4017
5036
5163
6410
4498
5186
4579
5095
6311
5212
3953
4708
5783
5753
4081
4558
6252
5244
4112
6315
4117
3984
6258
3926
3549
4155
4550
3986
4536
5234
5632
5199
4614
3505
4084
5659
5100
4738
5175
5742
3538
5111
5801
5091
5626
4563
4583
5049
5116
5151
4550
4588
5670
5212
4613
5160
5163
5190
4505
3992
5189
4527
5208
3975
5166
4576
4417
4063
4466
5711
5203
5261
5146
3860
5060
4037
4169
3410
4590
4592
5658
4597
3973
4594
4537
4648
4676
4427
4686
5719
4662
5153
5545
4629
4556
5190
4631
4071
4654
5668
3456
5083
4572
5784
5694
5163
5143
5663
4019
4507
4548
4609
4539
5218
5736
4635
5273
4129
5704
5151
3397
5636
5122
5707
5212
4466
5110
3965
5593
4081
5810
5309
5657
3927
5150
4047
2976
5158
5206
5267
5114
5225
4534
4601
3960
4499
6235
5074
3482
5179
5042
4532
5119
5146
3477
5162
3446
4507
4509
5785
4686
4661
4004
3941
4599
5666
5253
4694
4573
5176
4528
5203
3946
4661
5795
4595
5177
6276
4709
4670
4044
3380
4586
5150
5056
5290
4553
5109
5261
5166
4125
5137
4500
5143
5327
4717
3406
4052
5105
5123
6306
4521
4126
4115
4610
5216
5720
5079
5650
4700
5687
4674
5254
5194
4592
3426
5131
4680
5092
4597
5233
3469
5223
5160
4525
4741
5156
4013
5082
5206
3431
5179
5221
5213
5083
5258
4618
5188
4732
5664
5144
4058
5099
4040
4663
4050
4618
3433
5232
4575
5133
5175
4623
5762
4004
4703
5213
3496
3463
5217
5121
4641
4513
4552
5704
5752
4510
4607
4721
5247
5109
4034
5808
5646
4558
5686
5171
6143
5080
4040
5197
5163
4009
2888
5105
5615
4576
3402
4644
4666
4677
4010
5678
5715
4031
4594
5253
5099
4685
4647
3930
4584
4538
5122
4043
5773
5169
4559
4016
5083
5136
5800
5565
4522
4680
4460
5135
5175
5108
4585
5132
5682
4116
5111
6157
5725
5672
4570
5659
5146
5753
4705
4593
5035
4655
3979
5252
4064
5157
4608
6267
5692
5245
5010
5157
4607
4078
4624
4091
4584
4607
5222
5768
4620
5827
5198
4622
4518
5272
4614
5762
4507
5639
5205
5677
4644
5811
4041
3442
4049
7427
5212
6380
4571
5219
5156
5164
5679
4696
4683
5153
4533
5210
5803
4736
4587
3989
5683
3972
5804
5750
4630
3953
6812
4562
5719
4571
3944
5713
4619
5164
4669
5738
5171
3577
6266
5173
6368
4607
3956
3988
6205
5197
3484
4166
4609
5037
5252
5687
5206
5717
5141
5672
4022
5117
4066
4596
5189
4026
5147
5647
5192
5153
4602
4684
5287
5853
5695
4025
5731
5154
3970
5163
4619
5155
3393
3933
4605
5158
3430
4604
5678
4011
6274
4647
4647
4572
5102
5206
5711
4032
5159
4020
5618
4606
4551
4059
4551
4636
5219
4600
3494
3958
4551
4611
5139
5156
5804
4445
5734
5175
4540
4577
5125
3956
5639
4115
5187
5615
5155
3972
5204
4015
4009
4658
6207
5681
4620
4608
4663
5205
5225
4019
5686
3970
4705
4657
4587
5200
5191
4154
5038
5284
4652
4629
5292
4561
6186
5728
4542
4501
5769
3938
4596
5745
4638
4571
6226
4586
5212
4607
5739
3422
4577
4484
5746
5246
5078
4506
5798
4193
6287
5119
6862
5160
5222
4578
3594
5217
5705
5659
5203
5742
4479
4594
4077
3464
3449
4041
5177
5125
3977
6233
4559
5215
4650
4564
4504
2952
4633
4107
3389
4057
4610
4045
5144
5175
5737
5726
4647
4626
3999
4507
5750
4024
4579
4619
4056
4570
5191
4649
5167
4682
5112
4499
4574
4041
5204
5133
6329
5091
4620
4686
5132
5215
5176
5100
4057
4090
4590
4586
4541
4536
3966
5721
4558
4604
4629
5243
5747
5143
4632
4057
5199
5011
4592
5700
4570
4608
4044
4611
4194
4545
5134
4071
5719
4553
4595
4567
4047
4606
4599
5695
5038
5031
4775
3977
4603
5658
5260
4597
3545
4640
4732
5752
5693
4674
5011
4603
5748
5719
4681
5130
4677
4075
4577
4601
5115
4539
5221
5196
5679
4056
5226
5757
4714
5176
5185
5141
5729
5749
5748
5146
4623
4060
5130
5291
4148
5088
4514
5074
4579
5186
4614
4588
4058
5761
4592
4721
3983
5780
4688
5116
4609
4507
4718
5706
5118
5118
5741
5113
4107
6292
3985
3474
4023
5205
3947
5746
5057
5803
4494
5576
5551
4545
3894
4539
4549
4550
3905
6335
4596
6253
6309
5190
4498
5192
4621
4763
5216
4610
5775
5208
5249
5786
4055
3339
2911
5678
3946
5195
5670
5194
3994
5247
5175
4045
5752
4633
3903
4534
4641
3932
5684
5206
4494
5069
4474
4673
4568
6324
5171
5115
5715
5673
5213
4545
4546
5087
5086
5157
4105
5154
4572
5173
4568
5777
4643
5745
4612
6187
4111
5247
5123
6325
5063
5164
4577
4555
4045
5242
5181
5177
5835
5632
5198
5235
6329
5161
4600
4103
5136
4656
5716
5161
3989
5205
5191
4598
3321
4589
3528
4029
5283
4494
5221
4558
6310
5106
3433
6253
5226
5124
5031
3937
5231
5144
4720
4621
4095
5210
4526
5191
5054
4001
5057
5188
3829
5052
3495
5716
4055
5215
5165
4601
5091
4696
5113
4536
4681
5089
5259
5123
4559
5159
4013
5232
5172
3992
5756
4592
4723
3933
4013
5209
5673
4021
5208
4018
4546
4545
5199
4620
4641
5191
5204
5787
6334
4672
4589
3972
5127
4648
5727
3982
5137
4056
3971
4034
4603
5199
4588
3392
5194
3430
4671
4220
4059
5180
5746
6322
5112
5736
4618
3430
5786
3965
5784
3922
3525
5081
5101
4622
5770
4605
4012
4583
5155
4651
5222
4704
4081
3957
4751
4592
4591
4614
5823
4566
5128
4508
4602
5739
5135
4541
4619
4676
5130
4651
4032
3962
4696
4481
4031
5227
3996
3504
5656
4187
5760
5123
4047
4119
5053
5200
4564
3352
4550
4498
4011
5211
5255
4551
4104
5665
5658
5135
5198
4630
3369
5701
4625
3367
5131
4549
4065
3476
5137
5112
3586
5096
4624
4020
5740
4556
5182
4137
5190
5150
5129
4130
5092
3997
3550
4501
6230
5769
4522
4543
5656
4598
4023
4044
3962
4061
4584
5105
5702
4534
5770
5183
4726
6264
4485
4073
5714
4135
3954
5130
5101
5139
4501
5215
5200
5171
3928
4060
5636
5115
5713
4093
4058
5140
5184
5170
4533
4573
5126
4579
5152
4678
3376
4583
6806
3346
5115
4522
4060
5130
5761
3442
4530
4568
5743
3910
5174
5110
4516
5172
5238
4097
5215
4084
4543
5135
4538
3959
4524
4647
4046
5771
6251
4090
3966
5114
4733
4629
4583
4033
5130
5124
5243
6270
4530
5682
4560
4004
5774
5093
4007
4623
5172
4540
4634
5787
4595
5796
5088
6209
5122
4695
4585
3494
5067
4019
4631
5154
5841
3981
5286
4688
3530
5223
4429
4662
3976
4481
5082
3524
4574
4619
5146
3518
2937
5247
5141
5683
5218
4575
5126
4615
5153
5752
4697
5178
6319
5258
4607
4596
5238
5785
4657
3969
5157
5232
4542
5079
4610
4087
5714
5182
4513
5232
4022
5308
4506
5212
4544
4632
4687
4555
4375
5168
3982
6856
5806
3311
5018
5143
3893
4657
4534
5161
4600
4476
5143
5674
3555
5680
5156
4620
4044
5262
5638
4683
3891
5176
5139
4709
4626
3989
5120
4578
5747
4066
4557
5123
5131
4113
4456
5118
4526
5189
5098
5245
4090
5045
4082
5100
3945
5189
4622
5616
4535
4509
5116
4583
4593
4083
3541
4489
4562
5204
4604
5638
3378
5612
3471
4553
4616
5611
3990
5204
5563
5784
4665
4692
4034
3974
3485
4641
5674
5146
4072
4053
4462
4681
4652
4578
4170
4026
5226
4544
5696
4050
4712
5684
4608
4027
4149
5192
4131
5144
5152
5626
4551
3997
6336
5146
4671
4657
4524
4049
5774
3496
4685
3465
5690
4641
4589
4625
3450
4596
4010
5755
4586
5150
4039
4653
4061
5140
3511
3947
3985
4007
4566
4607
5126
5196
5115
4606
5707
4078
6289
5142
4646
4599
4644
3989
5201
5191
3980
4578
5179
4129
5747
3516
4590
5107
5062
4592
5657
4550
5679
5127
5654
4045
3951
5687
5826
5174
5134
5218
4631
4612
4639
4003
4029
5080
5788
4606
4562
4033
5100
4061
5578
4560
4654
4048
4034
5755
4665
5730
4567
5142
5182
5735
4067
5149
3632
5138
6320
5193
5085
4008
5181
4657
4011
5816
5195
5122
5085
3902
5157
4567
5100
4741
5127
5810
4724
4591
4562
4619
5101
4577
4436
4519
3378
5139
5744
5117
6270
4592
3994
5265
5770
4721
4578
4631
4552
4621
5185
4023
5192
4601
5176
4608
5147
5222
5103
4534
4662
5689
4620
3418
4063
4011
4466
4627
3475
3973
3907
4193
4130
5165
5769
4499
3530
5258
5159
4597
4018
4680
4648
3924
3992
5218
5031
5717
4071
5670
4647
5109
4497
4654
4496
4593
5773
5264
4639
5139
5144
5098
3407
3970
4109
4090
6315
5179
5753
4659
4481
4518
5143
4606
4566
4664
4061
4039
5239
6351
5069
4504
3970
4449
4111
4501
4088
5235
4060
4555
3496
3984
5272
3919
5195
5724
4501
3512
5181
4693
4492
4004
5198
4637
4678
5108
5123
5162
4565
3999
5198
5139
4619
5149
5189
5749
5634
5276
5741
3948
5724
5121
5725
4499
4526
5753
3534
4498
4712
3974
5199
4561
4560
4699
3417
4049
5068
4642
5814
4649
5194
4574
4554
5075
3456
5051
5168
5225
4099
5737
4036
5171
5658
3564
4636
3917
4547
6165
5228
4543
4058
3389
4702
5663
5266
4540
3426
4517
4678
4607
3920
4083
4609
4133
5124
3437
4695
4616
4031
4549
4580
4614
4634
5258
3479
5162
3364
5228
4433
4605
4501
4581
4000
4627
4590
5172
5093
5200
4602
4024
5738
4541
4474
4047
4504
5206
4016
4443
4545
5150
5714
4021
4028
4531
5215
5806
4554
5138
5135
4049
5182
4024
5125
5778
3370
4033
4679
4504
4574
6301
4702
4643
4006
4572
5173
4663
5179
4567
4011
4047
5265
5689
5284
4626
4184
4632
3486
3666
4658
5744
4527
5123
3483
4032
5179
5244
5225
4583
3977
3998
4580
4087
3950
4546
5230
5153
5770
3949
5914
5298
5196
4031
3982
3956
5197
4065
4575
4808
4022
4022
5202
5253
4050
3870
5223
4065
5124
4625
4054
5122
4567
5083
4618
4634
5149
5796
4699
4542
3905
3984
5059
4490
5202
4591
5703
3539
5172
4641
5757
5299
5171
4647
3965
4746
5054
4613
5192
4081
4718
5148
6918
4637
5222
4617
4664
5697
6247
4651
4600
4036
5742
5688
5178
4625
4559
4576
5016
4049
5253
4633
4004
4572
4504
4547
6306
5769
4573
4584
5695
4676
4055
5151
4689
4578
4599
4122
4142
3943
4627
5224
5771
3986
5685
5246
4515
5278
3464
4546
6868
4733
5207
5792
5818
4531
5767
3993
4557
3431
3987
4548
4626
4037
5207
4713
4671
3994
5146
4588
5180
4577
5715
5081
4048
5153
5118
5224
5782
4084
3961
4660
5153
4473
4571
5129
4622
4043
5203
5779
4530
5676
4589
4532
5727
3907
5181
4577
4082
4051
5119
5163
3464
5185
5168
4577
4039
5749
5248
4542
4564
5178
4699
6353
3523
5025
4029
4551
4066
3393
4487
3972
4662
3514
4622
5204
4569
4523
4110
5195
4525
4114
5143
5074
4123
3972
5162
4527
5083
4486
5211
3425
5104
3540
4681
5792
3930
5212
3934
5594
4502
3417
5730
4636
4647
4064
4106
5208
4627
4549
4601
4626
4519
5185
5071
4690
4532
5155
5193
4034
5258
4048
4085
4552
4004
4556
4028
3928
4065
4108
4693
4586
5700
4486
3472
4485
5166
5728
4692
5768
5793
4611
5599
4546
4579
4567
4631
4688
5141
3467
4673
3904
5836
5610
3951
4097
3996
5162
5175
3580
5182
3983
5767
4052
3988
4659
5158
4046
5788
4533
3467
4043
5246
5722
4665
6290
4630
4615
4479
4639
3429
5064
5093
3923
4595
5155
3399
6703
5721
4555
4601
4703
4571
4523
4523
4578
4506
4570
4111
4613
4040
3411
4624
4626
3844
4673
4568
5731
4593
5157
4600
4061
6310
4433
4053
4630
4584
4079
3474
4691
5141
5284
4516
3629
6350
5158
5169
4031
5118
5120
3480
4598
6319
4704
4499
4525
4049
4493
6242
4625
5140
5219
5743
5801
4021
5780
4489
4672
4046
4615
5103
4090
5068
6351
4527
4515
4012
3459
5166
4064
3993
4676
5111
3332
3922
4614
5821
4571
5169
4035
5194
5681
5261
3964
4582
5255
4520
4558
5145
3512
5754
4037
4604
5105
4660
5145
5197
5695
5137
4068
5240
5690
5141
5059
4007
4093
5802
5745
3962
6236
4592
5709
4035
5176
3413
4595
3415
4604
5198
4062
5190
5143
3510
5774
4130
3390
4097
4066
4584
4607
4592
5194
5248
5586
4048
4652
4638
4033
4625
4022
4653
6286
4007
4602
5038
4493
4095
4102
4591
4544
4606
4472
4544
4577
4713
5255
3400
5139
4529
5103
4708
5113
5765
5139
4606
4593
3305
5106
5112
4647
4113
6374
5270
5216
4017
4000
3999
4640
5168
4078
4637
4707
4516
5104
4020
5053
5108
4655
4033
4049
5207
4627
5156
4622
4003
4078
4588
4029
5212
5754
3407
5144
3801
4011
4067
4005
4593
4521
5750
4538
5205
5690
4594
5156
5159
5007
4575
5128
5234
5144
4429
4643
5129
4668
5187
3957
4484
4065
4621
4600
4635
4570
4563
4580
6393
5063
5150
5755
5173
4003
6374
5132
5141
4146
4064
4595
4615
3980
4048
5152
4003
5233
5696
4735
4542
5258
5242
3921
4685
5145
5169
4444
4025
3923
4735
4524
4621
4080
5175
4576
4611
5756
5181
4646
5220
5074
4593
4620
4591
5239
4596
4012
5188
4555
4635
5213
4636
4530
4494
5220
4533
4658
5722
5740
4578
5218
5132
3956
3395
4630
4587
5107
4528
5098
4643
4016
6342
3991
4520
5156
5160
5185
4656
4040
3984
4034
3987
4563
3984
5803
5202
3999
4041
3478
6285
5130
3400
4540
5155
3909
4486
5193
5141
4591
4708
5210
5067
4448
5172
3983
4559
5268
5700
5718
4580
5122
4045
3411
