3459
4007
4044
2859
4112
5183
5272
5244
3537
5095
4767
4676
5150
4800
4209
5749
4734
4770
6467
3669
5350
6436
6448
5291
4731
5280
5244
5795
5855
5895
7593
5425
6983
6338
4631
6332
4761
6316
5881
7129
7581
6966
6531
6434
6985
5363
7222
6550
6566
7047
5970
6923
6554
6544
8152
9317
7621
7056
8723
6482
7606
7072
8592
7044
7157
7684
8210
7034
7665
7597
7072
6981
9361
6960
7557
7068
6733
7711
7655
7041
7672
7142
7627
7578
8200
6454
7687
5865
8182
8115
7200
7554
5950
7695
8823
9310
7210
7176
8358
6543
7590
6636
9315
6653
8355
8927
7039
8281
8150
7165
7069
8722
7684
8223
9307
7780
7631
9288
8278
8167
8367
8317
8723
8273
8295
9284
7260
7064
7670
7149
7784
8189
7788
8311
8193
8149
7238
9952
8463
7655
9391
8770
6676
9438
7724
7279
8382
8204
7889
7504
8740
8779
8888
8289
7602
7673
8324
9335
9371
8789
8249
8760
8701
9836
7151
9325
8130
7645
9468
8257
9870
7858
8294
7664
7339
8822
8741
8260
7711
6654
8891
9257
9391
9272
9829
8290
9253
9833
8945
8304
8820
7650
9489
8247
9305
7795
8318
9891
8835
8809
8838
8390
9431
9383
9954
9386
7772
9420
9310
9805
8193
9463
9245
8243
9333
9401
10332
9355
10424
9782
10029
9856
9847
9502
9385
9465
9942
8824
8315
8810
8378
8235
9322
9481
9272
9490
9232
8848
8896
7892
8364
9950
9440
10516
8251
8718
10541
9321
8854
8965
8245
9321
8951
8929
9942
9474
9962
10426
9316
9438
9421
9462
8783
10511
10037
9301
10475
8898
9372
9904
10026
8765
8963
8869
10046
8820
9483
10302
9435
7877
9303
10454
9864
8933
9933
9916
9854
8827
9490
9495
8700
9881
8961
9348
10355
9400
9353
9406
8916
10069
10003
9961
9796
9326
8366
9488
10470
9509
10509
10976
9992
9448
9869
10490
8321
10463
10048
9826
9958
10031
10512
9423
10596
8957
9931
8831
9904
10407
11027
8932
8705
9965
11101
11037
10100
9414
9918
9519
8886
8913
8341
10496
9845
9378
9251
9994
10482
9981
9451
9038
9517
10463
9371
9423
10418
9941
11087
10546
10598
8781
10548
9993
10442
9424
10941
9388
10627
8905
10584
9889
8348
9051
7894
10410
10644
10028
10591
10029
10518
9271
10643
8874
10013
8979
8314
9999
10517
9988
9993
10535
10053
9487
11020
10548
9453
9950
11069
9438
11608
10058
10460
9865
10608
10002
9894
10617
8263
9497
9903
9446
10553
10479
9881
10508
9535
9503
11000
10457
9493
9958
9887
11116
10539
11037
9504
10012
8846
10032
10053
9973
9950
10961
9494
9518
10551
11071
10560
11114
9571
11665
11729
9985
9434
10463
10558
10010
9949
10008
11041
9436
11049
10090
10567
9989
11128
9514
10046
11154
9985
10557
10960
10499
10629
9916
11652
11142
11068
10470
10587
10552
11043
11108
11617
10299
11108
11121
10602
10503
9920
10023
10025
9496
10510
11090
9967
10587
10440
10516
10622
10025
10082
10547
11107
11553
9985
12178
11653
11749
10609
10593
10902
9290
11077
11702
11126
11059
10361
11592
12183
11097
9492
11124
11136
11090
10549
10525
11171
11631
10603
10591
11677
9938
9959
9500
11131
11430
10539
11198
11076
10048
11053
10053
10716
11643
10461
9973
11083
10507
10506
11094
11578
10634
11714
10615
11150
11046
11693
10580
11728
9981
9946
11635
10581
10553
9892
12268
9558
11064
12239
10647
10073
12122
11054
10482
12828
11131
10536
11702
12807
11698
11059
10015
10041
11049
10548
11065
10614
11139
12267
10502
11239
11533
12119
11147
10991
9945
9914
10002
10531
10025
11053
11153
12190
11773
11136
12239
11576
12169
11199
11158
10050
11133
11114
11750
10609
11730
11191
11059
12232
9997
11038
11679
11717
11752
9387
11016
11056
11178
10581
11095
10048
11514
11012
10097
12236
11257
10000
11581
11145
11050
11729
12257
11059
11790
10117
12606
10683
11566
11686
10691
10162
12235
10560
10564
10572
10975
10547
10521
11628
10693
11621
11636
10008
12242
11616
10519
11053
12683
10595
11076
10599
11714
11680
10106
12201
9370
9611
11656
11078
11701
11645
12235
12767
11620
12172
12182
10499
10973
11690
9344
10533
11128
11042
9458
11712
11259
11170
11602
11637
11429
12224
12635
12753
11647
11509
8309
11237
11068
13897
11690
10498
11175
10575
12233
11093
10646
10102
11225
11119
12273
12788
12200
12165
10549
11638
11668
11265
11705
11084
10627
9920
11299
11013
12216
11031
9992
9981
11708
12250
10001
10533
11633
11766
11146
11539
11113
10042
12263
12810
12112
11214
10633
11022
11734
11556
11053
11141
11709
12827
11708
11107
10997
13806
11650
10926
10992
12663
11062
11635
11021
11129
10566
10551
11081
12219
10574
10092
10553
9468
11705
11667
9934
11079
10136
11831
11064
11531
11104
11107
12759
11174
10941
11073
12244
9932
11687
10669
11172
10598
9999
11721
10469
11135
10509
9986
12211
12192
11710
10613
10693
11091
12794
11687
11061
11104
11646
12108
10979
12277
12201
12711
11007
11555
12195
12644
11592
12157
11091
11558
11095
11120
13358
11138
11613
11568
11653
13212
11069
10512
11656
12741
11728
12839
10549
11523
11035
11647
11722
11719
11118
11564
11072
10507
10455
11054
11659
11674
11710
11110
11034
12158
11700
12143
11647
11117
12732
12187
12803
12263
11775
12242
12144
11650
11053
10602
11664
12833
12125
10104
12232
11615
11044
13262
12581
12258
11030
10952
12767
12682
10604
11715
11124
11169
12233
11732
12234
11099
10494
11614
11656
10076
10590
11014
11570
12222
11181
11614
11132
12293
10604
11671
12750
11681
11773
10984
11149
13279
13257
11633
11103
11716
12286
12834
11658
11178
11649
12181
11096
11709
11528
11661
13301
11088
10424
11124
13401
11779
12788
10974
11144
12229
13844
13327
12733
10552
11070
11481
12103
12697
10017
12741
12078
12176
10081
11669
12122
11648
13280
12117
12746
12756
10469
11189
11710
10473
12217
11235
13216
12161
12755
11877
12214
11581
11139
12827
12792
11628
10470
11548
12723
12142
12186
11712
12762
12231
12245
11718
12173
12795
10980
12841
10579
11673
12179
11061
11636
11662
11642
12334
11668
12732
11162
11034
13339
11724
10908
10533
13230
11709
12205
11614
13326
12191
11159
11077
11706
12721
11672
10074
11091
12190
11087
11624
12787
12136
13374
10972
11563
11699
12804
12742
11065
11647
11707
11129
12204
11690
11073
12117
10562
11557
11152
13350
13902
10962
12179
11141
11581
12072
12267
13262
11655
11025
11535
13257
11591
12199
11619
11613
12273
13271
10566
11650
12673
11671
13842
12756
12159
12742
11612
12752
13302
12746
12200
12788
12784
12870
14407
11586
10567
11147
11649
12148
12169
12196
13250
12185
12255
11756
13799
12186
12774
12306
12112
11623
11710
13272
12230
12686
11086
11550
11739
11682
12249
10521
12208
11066
12202
11620
11126
11535
10551
12212
12221
13355
12807
12212
12161
12269
13265
11708
12642
10439
11577
11147
11199
13261
11648
13356
12746
12643
13770
13303
11660
12134
12823
12845
11673
13297
12829
11655
11621
12213
12183
11011
12297
13838
12248
12287
12277
13757
11578
11648
12817
13293
11626
12240
13246
12827
11664
11536
13292
11742
12818
11693
12833
12239
11661
12152
12714
11210
12722
11040
12776
12251
12871
11676
9987
11764
12131
12163
13890
11601
10546
11711
12141
12233
12236
12155
13320
12285
11597
12233
9455
14375
12227
11634
11661
11679
11699
11139
10563
12774
12279
12678
13325
11626
12100
12341
11768
12193
11661
12134
11581
12180
13233
12260
12292
12761
12742
13364
11125
11689
11125
12179
13183
12164
12203
13843
12615
10468
12137
11107
12131
13231
11158
13191
11015
11664
11201
11093
11150
11660
13207
12839
12739
12217
13843
12301
13347
12713
12243
11674
13263
13277
12125
14308
11570
13259
13248
12119
12146
12793
12169
11135
13271
13293
11638
12900
12207
11086
11737
12330
11637
12771
11578
11781
11006
12817
13222
11599
12166
12745
11072
12172
12183
12735
12230
13291
11027
11670
11156
12812
14433
12176
12733
11621
12677
11085
13353
12809
10141
12285
12103
11722
12792
11554
13213
13754
13323
12799
12212
13829
12178
12168
12246
12067
13282
10572
11558
11484
11647
12170
12827
10603
12223
12112
12787
10992
11656
11614
13307
12236
12691
12176
13382
12212
12178
12588
12197
12737
10554
12736
12218
12744
12334
14386
12242
11548
11612
13380
12183
13343
12221
11142
13324
13910
12265
12807
14361
11664
12717
12717
11675
12809
13281
12803
12151
13285
12060
11645
11755
12677
12743
13215
13373
12091
11743
12170
13252
12213
10001
12263
12657
12683
13259
11637
13278
12135
13365
12738
11785
12736
13261
14381
13232
12758
13232
12257
13799
11060
12268
13819
12188
11699
12675
13286
11620
12178
13341
13215
13295
13338
13784
11660
13872
12753
12150
11566
12755
11523
13839
12752
13264
12194
13950
13958
11728
13255
13209
12708
13334
12043
13349
12185
12673
11028
12752
13825
11556
12820
11550
12675
12197
11688
12727
12789
11155
12779
11592
13801
12307
13845
13907
12779
12687
11642
12196
12745
12193
10456
13328
12764
11677
13794
12666
13843
12198
12058
12156
12230
11534
14272
12192
12233
12216
12801
11585
12742
13873
12373
12125
11019
11678
11093
13316
13330
12202
12150
11666
13377
12774
11755
11765
11705
13887
10457
11607
11035
12680
12192
13260
12720
10967
13264
12139
12290
12704
12828
11693
11605
12129
11804
12701
12237
12826
12190
14400
13315
12265
12314
11173
11641
13791
12790
12344
13346
12187
11548
12770
12859
12247
12697
12261
12654
12169
13345
11552
13873
11683
13895
12677
12732
12146
12571
12209
12857
11182
13285
12717
13376
13846
12677
13398
13750
11585
13236
13299
12811
12690
12215
12708
12265
13290
12097
14445
12779
14406
13294
12161
14345
12088
13359
12855
10537
13748
14405
10989
12231
10561
11641
13370
12750
14364
13304
12257
12059
12245
12678
12849
12683
14274
12857
12335
14960
12822
13848
12698
13211
12729
11688
12267
12189
14345
12239
12738
12842
13759
13309
14375
12077
13818
12216
13321
13274
12590
12738
12737
12709
12127
12099
11147
13215
12807
13810
13849
12705
12598
13881
12123
11638
13891
12124
13891
13860
13909
11023
12723
13159
12764
12769
12261
12158
14319
12685
13349
11051
13360
13865
13270
12871
12785
13911
12222
13226
12573
12721
12734
12213
14279
13234
13292
14341
12766
13356
12130
12164
13817
14371
12245
12736
13299
12234
13347
14383
13839
13773
11655
13309
10451
13941
12828
12825
11698
13764
13934
13778
13890
13270
13309
13374
12141
12199
11630
10471
12118
13240
13225
11769
12134
12749
12765
13845
11725
13923
12042
13307
13369
13351
12744
13254
12836
14980
12573
12190
12258
10085
14452
11109
13379
14309
12232
12736
13298
12724
13342
12778
11710
14381
12185
12762
12760
12771
12848
12735
13690
12230
12723
12798
11592
11009
13831
12802
12782
12151
13137
12155
13280
12877
14406
13235
12685
13930
12717
12672
12780
13379
12252
12721
12229
12190
12805
13846
11635
12312
14377
13286
13277
14407
12681
12197
14983
13369
12671
12180
12136
12656
12742
12752
12154
14297
12894
12719
13291
13365
14350
12799
12680
13254
13357
14347
13293
12789
13742
12685
12190
12799
13267
13239
13343
14388
12730
12190
13291
13380
12343
13817
12219
14368
11833
13909
14977
13776
11839
13375
13833
13220
12830
13748
13910
12062
13365
13234
13757
14399
13288
12816
12781
13874
12215
12172
13370
12756
13801
13896
11637
12795
13308
12677
13256
12112
12318
11620
11628
12753
12603
12178
12313
11141
13928
14844
13262
12777
15484
12213
12193
12278
12003
13840
14442
12772
11663
13281
13242
13249
13783
11572
13916
13269
13266
11716
13276
14408
13279
13841
13869
12207
13203
11098
13289
14326
12608
13269
13938
11563
12857
14921
14341
12086
13731
12226
13810
14428
12221
13305
13228
13324
13418
12744
13740
12761
13283
12723
13404
12799
13915
12230
12674
11519
15509
13849
14274
12676
14875
13350
12213
12708
13878
13939
12766
13275
12213
11715
12708
12741
14493
13806
13355
13226
11026
13856
12628
13795
14494
13896
13826
15541
12239
12751
13262
12792
12117
12818
13822
11560
13806
12271
14414
11724
13883
12802
12777
13258
11130
13774
12638
13907
13879
13356
14948
13278
14380
12771
14497
13279
12161
14956
13362
13338
14428
14457
13311
12682
12199
12194
13816
12641
13796
13268
13296
13294
13221
13827
13331
12712
13328
12184
14362
14976
12683
12729
12786
12654
14460
13836
13275
13811
12705
14384
13838
13274
13823
13748
13093
11738
12202
14877
13909
13269
12782
13925
13899
12864
12111
12122
14898
13772
12233
12694
11597
13881
14349
13349
13883
13830
12768
12819
13328
13798
14318
12222
12663
12030
12682
13805
12755
14357
14862
12820
13975
13749
13289
13328
12740
13876
14361
13833
12644
13905
14896
13863
12170
13919
12796
12229
13947
12727
13247
12883
14324
13333
13282
13358
13242
13773
13285
13866
14493
13770
11539
13335
12781
12181
11669
13892
14411
12284
14337
12205
11046
13330
13821
13351
12755
12275
14976
14393
12829
13245
12338
12108
13257
12775
14401
12682
13326
12208
14969
14947
12838
13257
13321
13858
11622
13316
14949
13127
14948
15409
12794
13810
13393
13245
14432
14425
13825
13822
14388
14337
13864
13289
13303
13229
13325
13227
12763
12243
13868
12204
10621
13811
13288
13872
12763
13317
14344
13830
14426
12686
12169
13358
13398
12698
14335
14857
11615
13267
12279
13205
14319
13373
13369
12724
14326
14365
14391
13938
13842
12785
12691
13713
13194
13814
12750
12752
11652
14883
14847
14366
12183
13813
13214
13277
13919
13294
13292
13831
13322
14791
12681
14871
14408
13942
13778
13253
13357
14321
12248
13173
14351
14338
12678
11552
13904
13242
11778
13263
13745
13742
12708
16560
12781
15451
13264
13450
13228
13934
12741
15476
12279
13851
13913
14863
13307
12768
13804
13862
14937
15024
13404
13321
12765
12817
13784
12660
13736
13204
13862
14936
13282
13852
13768
12178
12909
14286
15491
14325
13267
12611
14965
12792
13888
13794
13843
13254
13302
12826
12813
14342
14431
13833
14294
14334
12898
13329
13379
15011
12099
12710
13318
14284
12672
12131
13296
13852
13221
14308
13436
14453
13355
14328
13828
13210
11622
12757
13376
12748
13270
13841
13274
14454
13286
13847
13349
12820
13865
13236
12624
11618
12145
14396
14980
12725
13244
13781
12133
12187
13294
15054
12114
13847
14949
13949
14426
14298
14307
13257
14326
14906
13892
14450
13859
12765
13203
13239
13911
13301
13911
12723
14446
13796
14957
13851
13332
14375
12223
14817
13866
13260
11677
14886
12712
13944
12701
12126
14361
13809
14410
13284
13368
12256
13708
12182
15019
12153
13192
14274
13872
12210
13859
13311
13848
14435
14432
12207
13321
14346
13289
14978
13880
14977
13930
13204
14349
13838
13309
13300
14352
14342
14375
13337
13324
12705
13762
12700
14381
14268
12723
12742
14422
15611
13687
12839
12127
13281
13868
13243
13804
12130
14383
13829
13871
13177
14448
12772
13821
14527
12250
15534
13727
14878
13804
13467
13851
12274
12773
13424
13249
13765
12147
13820
12137
12291
14438
13277
14378
13334
12795
14929
12685
13369
13303
13866
12789
14447
13394
13656
13201
13843
13227
11147
13382
13394
13298
13170
13875
13308
13872
13269
13353
12273
12194
13775
13781
14339
13817
13872
12754
13251
13353
14382
12135
13265
13880
14408
13821
13321
14920
13809
13387
14956
13878
12774
12763
14411
13844
13692
12215
13087
14403
13340
13841
14330
14921
11697
13787
14481
12824
13855
12251
12677
13300
11655
12698
13313
13880
13365
14529
13440
13873
13214
12176
14390
13792
13320
13821
14358
15483
13892
16022
13876
14403
12231
14380
13431
14307
13976
14997
13796
13235
13187
14314
12807
13231
13381
13420
12118
13288
13788
13277
15545
13749
13857
15475
13366
13845
13294
14333
12720
14419
14336
14334
12817
12765
13282
13942
14490
14912
14390
13305
13869
14427
11720
13853
13360
12777
11622
12212
13321
12315
14893
14393
13830
14338
13307
12750
13235
14962
12676
13275
13944
14313
13304
12649
13794
11587
14925
13280
13879
15433
13344
13860
14322
12194
13231
13830
13398
13832
13365
14470
13895
14347
12801
12192
13807
12697
14390
14972
14942
13304
14462
13893
14467
13782
11705
13800
14386
14917
12776
13774
11665
12789
14371
13846
12268
14304
13262
13786
13192
13797
12811
12187
13385
12746
14461
14341
14395
16083
13910
14361
13383
13822
13825
14374
13283
13859
13795
14421
13861
13373
14462
13772
12124
14369
13811
13295
12843
13316
12692
13834
12727
14908
14364
13307
13374
13382
12736
12253
14003
12745
12622
13858
13847
12749
12627
12739
12294
14950
15457
14331
12633
13757
13915
14454
14325
13788
14998
14970
11554
14426
13781
13821
13780
14929
13698
11597
13769
13289
14445
13222
13295
13266
14386
12746
14382
14336
13838
13278
13900
12197
12731
13204
11551
14396
14391
12239
14358
13720
13858
13889
13670
16044
14397
12760
12154
13736
14938
13342
13330
14995
14429
14960
13203
12730
11686
13260
13797
13951
14356
15033
15525
13387
14881
13332
13731
14843
13341
13805
14334
13229
14369
12681
14429
13426
13319
12774
15457
13976
13384
12751
13394
13347
14285
13273
14958
13273
13365
13910
13824
13269
13343
14441
13374
13336
13296
14390
13289
13804
12801
13792
14354
13823
14391
13815
13212
13828
13193
12732
12726
12616
12193
13745
14423
13362
12747
14457
12822
12134
13819
13921
13393
14949
14963
13858
12785
13153
13881
11734
13328
14328
13871
13843
13199
12769
12819
13334
13706
13734
16023
13872
14990
13255
12241
14380
13214
12793
14957
13841
13305
13843
13903
11095
13377
13277
13884
13719
14284
14963
13233
13316
12163
14313
12852
14935
13251
14322
12865
14976
14945
12723
12260
14313
15542
12197
13876
13871
13898
14975
13892
14414
12719
13235
13197
13845
14346
14924
14946
14425
13858
13845
13822
8865
13253
12717
13148
12782
11726
14386
14304
13315
13317
12689
14833
12749
12773
12600
13283
13867
13408
13776
13361
12257
12886
13329
13908
13825
13244
11694
14337
14934
12819
12164
13354
13200
14922
12777
13199
13896
12639
12227
14423
15548
12673
13285
13303
14450
13265
13283
13378
14364
13775
14911
14405
14328
12210
13291
15440
13430
12222
13314
14903
13324
12653
13752
14928
15383
13252
14446
13927
13876
13297
14411
14313
13283
13880
12226
13745
13771
12268
13803
14884
11127
13787
14510
14443
11591
14354
14317
12614
13862
12813
12140
12175
14314
14402
13293
12629
13339
13231
11686
14389
12760
13328
13835
14999
13370
13771
12778
12766
13831
12713
13357
14372
14295
12183
14921
14317
12803
14403
14939
13832
12238
13928
13279
13836
13240
13458
13231
14963
14364
14387
13304
14442
13435
11681
14396
13775
13261
15507
13776
14952
14322
14400
13938
12633
13842
14929
14424
12670
14901
12709
13832
13314
13209
14873
13882
14349
13784
14310
13219
13730
14389
13400
13269
13818
14471
13190
13838
13810
13285
13865
12700
14924
13238
14890
13911
13739
13868
14265
13837
14317
15407
14364
13370
13873
14336
14342
12708
14360
13759
12764
13280
13891
12763
13443
12742
14327
12104
12757
13774
15418
14891
14981
13303
14987
13851
12771
12319
13400
13391
12714
11702
14900
15006
13764
13298
14409
14298
14421
13216
13349
13883
12876
13340
14889
14348
13834
15398
13843
14397
13353
13849
15556
13183
14370
13294
13268
14366
12323
14407
13186
13811
14910
13217
13962
13360
12641
12802
14314
11728
14886
14926
12717
14888
14456
13258
14418
14379
13872
14926
14326
14415
14938
13857
12765
13249
13805
14352
13914
13254
13762
15502
13784
11523
13274
14898
13813
14311
14445
13834
13299
13856
14469
12830
13294
13314
13278
13949
12700
14417
14254
13879
14434
14509
13823
12762
13209
14424
13880
12119
13813
12151
13748
14927
14435
13289
13814
13195
14896
13866
14879
12593
14403
14329
13851
14307
13790
14441
13267
13757
14413
13356
13333
14477
14383
13845
13270
13828
13865
13927
14866
14326
13815
12694
14889
13847
14931
14374
12801
14294
13287
14919
14967
14423
14967
13410
14861
13198
14387
13241
14477
13838
15495
12291
12682
14374
13747
14909
15027
14419
14269
12704
13260
13884
13240
14270
12799
14351
14356
15988
13838
13906
14420
14306
14312
15543
13838
13192
14329
13814
14877
12695
12801
13343
12203
13301
13837
13767
13833
13867
14425
12036
13289
13813
12762
13370
13255
12227
14891
14298
13859
12755
14324
13322
14313
12665
13434
13899
14359
14271
14285
14300
14390
13824
14406
14355
13752
13815
13268
13312
13879
13813
14410
14496
14839
13341
14956
14916
12793
12753
13806
13694
14875
12116
14425
13832
13834
13278
14941
12615
14932
13826
14459
14361
13301
13792
13835
13870
13853
14389
14367
12219
12700
13842
15453
14860
13779
14464
14333
14382
15471
14994
14988
13292
13259
13852
14349
13331
14908
13332
11712
14401
13228
13348
13229
13742
12694
14326
13813
12863
13830
14376
14884
14858
12805
13864
13213
13215
13795
14439
13852
13316
15530
15005
12558
13234
14290
12256
13347
15469
13872
15503
12113
14955
14226
13165
12766
15472
13761
13229
15509
13313
13312
13366
14401
13817
14332
13278
14352
14410
13832
13904
13350
14392
12721
12771
13315
14825
13815
13243
15538
14967
13817
13882
13230
13867
14344
13305
12880
12682
12754
13904
14303
13308
12220
13852
13805
11475
12802
14359
13856
14970
14412
14396
13309
13826
12700
14874
13904
14348
13230
12209
13882
13827
12805
12712
13371
11596
13256
14345
14976
12692
13318
13237
14403
15478
14921
13797
12790
14413
16008
12701
13795
13280
13236
14977
13323
12029
13782
13329
13222
13210
12819
13849
13814
13895
13283
14893
14362
14911
14920
13258
13177
12211
13874
13402
13270
12761
12217
15504
13420
14356
12791
13810
14252
12703
13353
13156
12179
12198
13292
14850
13884
13291
13926
14487
13356
13252
14294
14908
12717
14438
13861
13847
14890
13330
14337
14335
13838
13337
13200
13273
14932
14821
12818
12736
14375
13384
14421
14394
14928
13286
13897
12669
12271
13318
13890
14360
13817
13294
13708
14330
13306
13828
13905
13816
13344
13174
11518
13320
15003
13325
14340
14952
13786
14307
14889
12144
13285
12873
14343
12708
14975
12780
14354
13882
13262
13318
12264
13800
13745
14944
14300
13884
14867
15549
13701
14847
13895
13867
14403
14314
13788
14393
13210
14933
13374
13234
12863
14856
14329
12240
14884
12745
12807
14400
13247
13960
12160
13785
13855
12756
14379
14367
12647
14445
15017
12202
13172
12673
13775
14340
13750
13847
13868
13295
13844
12223
13875
14363
14404
12728
15383
13883
14949
13345
13832
14963
12250
14903
14358
13826
13339
14406
13831
14323
14930
13834
14376
12125
13882
13851
14379
12210
14876
13221
14371
15535
15454
13800
13186
13749
14443
14893
13822
12832
12718
13253
13268
14307
14948
14963
13337
13780
15432
14370
15476
14408
13230
14899
14339
12706
13876
13304
14406
14967
12759
14967
13321
15511
13822
13458
13298
13856
14963
13322
14988
14327
14384
14376
13246
14356
13872
14471
14333
12753
14280
14378
14854
15473
14342
14338
14880
14442
14325
15418
11685
14398
13311
13228
14992
12224
14387
14401
14425
14439
14950
13248
13902
12138
15449
14230
13875
13867
11589
14351
14921
13381
14455
12234
14227
12831
14374
13822
14348
13183
13270
15469
12862
14359
13901
13757
14892
14919
14403
13784
14382
13796
13324
13851
13747
14359
13811
14935
13302
13386
13880
12734
14892
13357
14384
12688
14462
16023
12321
13385
13285
15452
12700
12808
14870
13987
14356
14982
13845
13772
13297
13975
13236
14354
14301
13350
13183
14352
14304
14904
13672
13772
14335
12203
13262
14958
15434
14804
13223
13784
13280
13835
14334
14455
13297
13849
14257
13907
14383
13761
14431
12155
12703
13774
13768
13828
12070
14339
14963
12748
14413
14399
13803
14377
13871
13792
14961
13859
13829
13381
14392
13774
13824
13866
13390
14372
14435
13258
13211
15604
13169
14948
14410
13863
13280
14312
12743
13714
13791
12238
12727
14930
14328
13833
12183
13781
16060
14433
14854
14427
14310
13858
13920
14823
15458
12299
13344
13333
14910
13846
13765
14967
13905
13307
14919
12587
14922
14360
13839
13777
13863
13897
13357
13779
13193
13814
14920
12777
14344
12841
13760
13303
12762
14939
14368
13335
14408
14962
12703
13831
12709
14343
12227
13692
13865
13774
14866
13322
14406
13773
14384
14348
14850
13786
16074
12694
12838
14293
15463
13289
14419
13291
13299
15421
13863
13379
12725
13146
14265
14923
15463
14868
13849
13860
13166
13308
14889
13852
12780
13830
14895
13172
13897
14363
13840
13431
14898
12723
13841
14390
13357
13871
12618
13767
12839
14303
13806
13318
14275
13786
14377
14963
12693
12273
14434
13859
12155
14402
12799
13785
13741
13223
13882
14867
13881
13264
12615
14352
14393
12662
13810
11762
13950
13265
14816
13924
13904
13830
13812
14358
14325
13722
14377
14357
14911
13255
14489
13268
12141
13831
13372
15352
11554
13759
13886
13252
14951
13848
13801
14942
14892
15465
13323
14988
15405
12887
14410
13831
12712
13165
14397
14434
14881
14401
14374
15501
13262
13295
13772
13853
15483
14351
13261
14432
15487
14882
15395
13773
13783
15493
12664
13833
14994
13916
