-69
-53
-63
-37
-32
-43
-35
-45
-76
-68
-41
-62
-44
-58
-62
-37
-68
-68
-47
-29
-27
-36
-72
-47
-64
-48
-46
-60
-45
-53
-49
-43
-45
-49
-47
-48
-49
-34
-39
-44
-34
-18
-49
-43
-32
-47
-34
-44
-38
-42
-30
-29
-46
-48
-45
-54
-63
-26
-48
-41
-28
-32
-37
-44
-26
-45
-43
-60
-49
-47
-25
-26
-67
-58
-57
-28
-41
-51
-60
-42
-57
-44
-48
-43
-43
-56
-51
-31
-42
-56
-60
-45
-30
-47
-28
-44
-54
-33
-27
-52
-50
-23
-32
-49
-52
-32
-35
-23
-56
-43
-38
-53
-26
-49
-33
-30
-22
-60
-31
-62
-42
-38
-51
-27
-34
-44
-44
-27
-31
-18
-23
-27
-26
-36
-41
-47
-48
-59
-17
-25
-43
-61
-42
-45
-47
-40
-30
-48
-38
-55
-24
-41
-41
-52
-25
-34
-25
-44
-34
-30
-23
-40
-57
-34
-40
-31
-27
-55
-35
-33
-73
-45
-30
-44
-42
-47
-33
-40
-42
-43
-29
-38
-34
-28
-28
-48
-58
-35
-33
-16
-39
-33
-27
-19
-46
-30
-51
-33
-43
-28
-26
-27
-33
-24
-37
-48
-36
-29
-54
-26
-34
-15
-23
-36
-26
-14
-32
-17
-31
-27
-27
-40
-39
-42
-27
-17
-46
-42
-21
-26
-22
-37
-40
-27
-53
-30
-35
-31
-27
-47
-34
-32
-22
-28
-16
-46
-32
-55
-42
-47
-20
-37
-29
-56
-25
-33
-29
-36
-41
-30
-36
-22
-23
-33
-41
-27
-15
-9
-31
-34
-44
-47
-26
-27
-34
-21
-46
-31
-32
-34
-30
-36
-29
-12
-22
-43
-32
-21
-19
-24
-29
-14
-25
-26
-18
-23
-20
-22
-30
-21
-25
-36
-20
-27
-17
-31
-28
-30
-20
-9
-19
-22
-31
-19
-20
-32
-14
-16
-32
-42
-19
-26
-17
-15
-9
-19
-21
-11
-21
-29
-31
-19
-18
-20
-24
-24
-27
-12
-2
-25
-5
-21
-6
-18
-15
-23
-34
0
2
-28
-26
-21
-18
-7
-20
-24
-40
-19
-37
-37
-23
-10
-13
-19
-14
-28
-15
-8
-16
-11
-36
-3
-18
-24
-20
-14
-35
-1
-14
-29
-28
2
-15
-21
-26
-1
-19
-13
-17
-16
-9
-17
-2
-23
-27
-1
-18
-13
-15
-20
-16
-12
-16
-16
-3
3
-20
-14
7
-3
-36
-28
-39
-16
-9
-4
-17
-14
-4
-16
-14
-11
-15
-8
-20
-2
-11
-14
-16
-11
-1
-22
-15
-13
-4
-9
10
-13
-22
-36
-2
5
-27
-6
-11
-9
-8
-3
-6
-14
-16
-16
2
-6
-3
-13
-1
-25
-21
-27
-4
-2
-5
-23
-9
-10
-28
-12
-35
1
-13
-7
-22
-9
-3
0
-13
-3
-3
-1
-20
-8
-1
-10
-6
-6
8
-28
-13
-13
3
-16
-18
-9
5
-16
-8
-6
-1
-14
-26
-9
-14
-5
-12
-10
1
-15
-10
-26
-22
-1
-3
-6
0
0
4
-8
-1
-11
-7
2
-12
10
-14
5
-14
0
-13
-13
5
5
-4
10
-1
-3
4
-23
-4
1
-8
-10
7
-9
11
9
-11
-30
-8
-13
-12
8
-9
-3
-18
-1
5
-29
10
-12
-7
-16
-10
2
-19
-16
14
-7
-15
-10
11
-4
16
-3
-7
-18
5
2
1
-5
-1
1
-23
-11
1
6
2
-22
-6
1
4
-3
0
-19
14
-1
5
-9
-2
-12
-14
-10
-4
0
-23
-9
-1
8
-8
-16
8
-4
-7
-1
-6
-9
-4
1
3
-8
-8
-2
0
2
8
1
11
0
-12
-3
-4
-4
-10
9
-3
-4
4
7
2
-11
2
-5
11
-3
2
-6
11
0
13
-1
-20
-10
-1
11
-2
11
-1
3
11
15
-4
0
-8
4
3
3
8
9
-7
-1
17
2
23
13
2
-4
7
8
-4
15
-6
10
3
-2
-11
-12
12
9
11
5
4
1
16
7
1
-5
9
8
-15
14
-6
1
4
-1
-1
-2
13
-16
8
-1
5
7
12
10
13
0
-8
14
9
-13
7
-20
4
-3
-7
9
-2
8
6
20
8
-2
3
13
7
-1
3
7
1
-6
7
13
11
-11
2
3
16
4
2
8
1
7
3
3
20
-6
1
5
2
-1
19
9
5
5
4
7
14
4
8
14
11
-1
-3
-6
7
10
-5
3
-10
-1
0
3
-9
13
16
2
7
-1
4
0
4
14
-2
10
8
-7
12
5
12
17
5
-22
-12
13
4
18
-3
0
0
19
0
1
0
0
-2
3
2
-7
-14
13
15
-10
21
16
4
13
14
12
10
5
11
16
18
10
0
8
7
12
19
10
17
23
5
9
19
21
-7
9
12
22
3
18
7
11
14
15
19
24
16
16
12
12
-11
8
15
1
11
9
-1
4
-1
1
5
10
17
8
0
17
21
20
14
19
15
18
8
13
-1
2
0
20
-8
10
12
18
3
13
20
4
10
10
15
1
24
3
6
7
12
23
2
5
8
4
18
14
16
14
26
20
3
-2
20
21
11
7
13
18
-1
24
0
19
10
20
6
22
16
20
25
12
17
16
15
-8
23
9
2
5
6
19
5
0
16
7
16
10
2
-2
19
7
18
10
14
11
15
10
-4
7
15
10
15
-1
4
-1
5
6
-4
27
11
24
12
-12
-1
21
-1
8
6
13
6
6
14
15
12
12
22
9
17
12
15
9
19
5
11
22
12
9
10
7
19
6
8
18
16
-3
13
5
17
20
20
1
19
13
-3
13
12
-1
26
25
10
17
16
3
9
-9
2
7
12
5
-8
-2
20
14
15
19
15
5
3
-1
5
10
-5
25
26
6
12
16
15
6
11
19
-6
14
11
20
16
9
3
4
-1
12
15
13
20
19
18
12
9
14
15
18
19
16
16
12
2
0
26
15
20
13
17
7
18
2
14
17
3
-2
20
7
12
9
21
-4
14
22
10
5
18
-6
6
10
14
5
11
20
-11
11
2
2
12
16
-2
3
11
13
15
14
2
13
-4
5
-2
7
7
12
2
12
22
1
4
18
9
23
5
3
19
-12
0
-2
3
11
12
17
17
10
13
16
-14
9
16
2
10
11
16
19
10
9
9
6
2
7
18
3
3
7
-1
7
5
8
10
11
11
13
-2
10
17
16
8
10
6
9
13
14
6
16
-1
8
20
1
6
4
1
11
5
2
16
13
2
11
11
14
0
16
14
22
22
10
8
11
-1
12
12
4
12
18
9
-3
5
18
14
6
4
8
9
8
23
18
8
6
19
7
24
14
2
12
15
1
23
6
22
17
11
8
1
23
-6
9
13
4
16
5
7
12
9
13
10
23
10
10
14
14
5
16
4
23
21
14
-4
16
9
5
5
6
6
13
8
9
-15
11
9
15
-1
13
14
5
-1
13
18
5
-3
14
20
4
11
18
14
23
14
-6
16
16
14
7
10
21
7
16
14
16
16
18
17
11
11
2
18
13
19
2
10
7
11
10
17
12
7
16
12
22
11
8
12
20
14
16
7
9
15
10
7
3
1
3
14
-7
15
10
22
7
18
2
14
19
19
12
0
13
-4
23
13
18
11
14
19
20
16
4
5
14
16
11
14
15
22
13
17
16
21
13
14
22
14
2
2
15
8
3
1
2
13
6
10
11
12
13
21
14
14
-7
9
11
-2
17
7
10
8
4
18
12
7
4
10
12
-6
17
13
15
19
7
16
0
14
21
-2
12
10
10
9
9
19
14
14
12
14
-1
19
22
-3
6
13
14
12
21
19
17
20
5
10
8
9
8
1
8
12
-10
5
3
19
5
11
3
6
14
12
21
1
2
12
17
19
12
18
9
17
-3
8
10
13
10
10
4
13
2
11
11
9
13
7
10
21
21
16
14
14
12
8
7
20
6
0
11
17
11
6
17
1
16
6
18
13
8
21
19
21
16
24
21
20
19
20
19
10
18
11
4
3
14
17
2
6
20
10
7
10
10
14
18
17
11
4
10
7
19
4
13
11
14
3
12
18
22
16
8
14
13
12
3
20
21
5
17
18
12
14
10
7
3
17
16
18
15
21
6
21
13
22
13
1
22
8
21
20
10
17
4
16
16
14
12
15
16
23
17
1
16
23
10
3
20
5
7
5
8
8
19
15
4
12
13
16
6
11
14
9
14
10
16
7
7
12
14
11
19
18
-2
6
10
-1
16
18
15
16
18
12
-3
9
20
18
15
10
19
10
15
20
9
14
11
16
21
15
14
11
8
8
16
20
18
16
12
12
11
20
16
18
6
17
16
5
8
8
15
8
14
15
14
18
14
16
6
14
23
14
14
7
13
18
7
14
19
14
8
15
14
15
18
12
7
10
17
6
15
19
19
5
12
13
13
8
15
9
20
11
13
14
16
18
16
17
16
5
16
8
20
16
15
13
4
4
17
3
24
13
17
20
15
10
14
20
5
16
18
19
13
14
13
23
-4
14
20
13
7
21
5
11
5
16
17
13
23
19
18
15
16
13
18
-3
15
16
15
2
14
15
14
3
7
14
4
12
20
21
22
21
17
7
17
6
16
20
13
22
14
14
13
21
9
18
18
14
20
-2
11
14
9
5
16
9
17
14
14
17
11
12
10
9
16
17
4
8
11
15
14
6
7
12
19
9
21
11
2
9
12
14
13
15
17
13
11
23
11
15
9
16
16
16
23
14
15
13
14
13
19
13
14
23
20
15
16
0
15
13
20
20
16
13
14
19
16
11
14
13
9
17
12
10
2
4
6
16
14
13
18
17
10
10
7
14
-3
21
16
15
20
14
3
11
4
6
8
19
8
18
19
17
8
19
23
10
15
4
10
18
18
14
12
6
12
20
7
4
18
14
21
10
12
20
16
14
9
21
16
11
21
17
16
19
13
-1
7
20
4
14
18
22
9
19
-3
17
7
19
22
16
13
13
21
4
11
13
9
19
12
5
6
15
12
19
8
11
9
12
21
12
8
16
17
8
15
17
19
11
18
19
15
22
15
8
9
18
16
16
10
2
16
16
6
17
19
21
10
15
20
21
15
10
10
12
16
16
19
15
15
1
15
22
21
17
16
16
18
21
13
19
17
11
13
17
14
10
13
21
19
5
15
11
11
13
17
11
22
12
17
16
20
12
21
18
16
18
21
16
18
12
15
15
22
12
19
19
16
21
7
16
17
11
23
11
10
18
3
2
20
9
17
8
9
23
19
14
14
18
15
16
7
13
7
16
11
14
11
20
10
13
12
10
16
14
11
22
13
14
13
12
10
22
15
12
18
8
21
17
12
11
7
21
4
16
14
17
14
15
9
17
23
15
10
16
12
22
16
10
22
4
23
17
12
13
10
16
12
20
15
2
15
20
21
6
22
16
13
16
18
15
6
15
16
14
10
19
22
14
16
21
18
7
16
8
24
23
14
17
20
14
9
13
14
14
13
22
16
7
17
15
15
17
19
15
21
16
13
12
17
18
22
15
18
19
10
15
14
16
15
14
13
19
13
11
3
16
13
20
15
22
10
16
15
14
9
7
13
10
15
11
14
21
17
16
12
15
23
11
13
19
15
15
15
-3
14
16
21
10
14
16
22
14
10
18
11
17
16
9
14
20
23
14
12
7
16
18
14
21
5
16
16
14
5
11
11
12
14
8
19
13
11
17
19
20
15
17
14
8
9
9
12
14
6
15
15
17
8
14
16
16
19
17
11
18
18
14
16
10
12
17
12
12
22
17
16
13
18
15
11
10
14
15
16
13
14
15
12
14
18
17
8
21
15
14
10
9
13
21
10
16
13
17
16
16
11
11
17
9
17
10
14
14
11
12
11
16
24
1
15
16
15
14
14
15
19
15
17
20
13
17
16
17
7
6
18
17
13
19
15
16
22
15
13
17
17
18
16
11
6
18
18
13
20
13
17
14
14
14
22
17
16
4
16
13
16
15
10
7
17
16
16
10
17
15
17
21
19
23
19
10
23
12
16
15
16
20
14
13
16
18
20
16
17
9
14
14
20
14
9
9
19
19
4
15
18
15
15
16
11
18
15
16
21
22
17
17
18
14
18
9
12
17
20
15
10
10
18
15
10
9
11
21
18
18
11
17
19
11
15
23
10
15
15
10
15
18
14
15
21
15
13
16
15
16
9
16
8
18
16
14
23
23
15
22
15
13
17
22
18
16
2
16
15
16
8
7
11
11
11
18
19
17
14
17
13
16
9
18
9
14
15
14
18
11
17
16
14
7
16
15
18
21
18
13
14
17
17
15
14
12
16
15
20
18
18
14
10
15
20
13
22
-2
16
10
1
16
8
13
17
15
17
17
16
11
17
16
11
14
22
23
17
17
17
17
15
15
19
6
15
16
17
2
11
16
16
17
15
17
9
16
22
16
14
14
8
15
16
13
19
14
21
17
21
9
15
10
15
0
0
17
13
16
15
18
5
16
22
5
16
16
19
16
11
20
11
12
17
20
15
12
12
17
14
19
21
17
15
6
14
21
22
15
18
8
13
14
16
14
15
8
11
21
10
22
15
18
17
15
11
15
7
17
17
8
17
20
15
22
15
12
9
15
21
14
16
13
11
3
18
7
16
17
14
7
14
12
13
16
21
12
14
22
15
13
17
20
8
8
15
17
15
17
23
14
12
17
6
14
13
15
19
14
16
21
16
21
9
14
16
16
17
21
17
15
11
18
9
22
13
6
8
20
19
22
16
17
14
15
14
22
14
14
15
16
15
17
15
15
18
22
12
10
15
17
18
7
17
22
9
17
20
17
13
8
15
9
15
11
16
11
8
16
1
18
14
17
16
14
11
16
14
8
14
10
19
14
18
14
17
22
18
15
17
4
16
16
9
15
8
22
10
16
16
14
13
23
23
-2
14
20
15
16
13
14
15
12
19
16
17
6
21
15
11
15
7
16
15
9
21
10
15
14
21
12
21
12
21
22
11
1
15
16
15
14
13
13
11
16
13
9
16
16
15
15
17
18
18
14
11
16
22
12
16
13
16
11
16
9
17
13
6
16
15
12
11
14
16
14
7
15
14
17
15
7
16
17
17
11
16
14
16
15
13
9
12
15
13
14
21
10
19
6
6
22
7
15
16
15
20
16
10
14
13
20
7
14
15
12
14
18
15
11
16
18
17
16
6
9
14
14
14
21
14
18
16
13
17
9
21
12
22
15
7
13
14
10
14
9
19
16
14
18
20
18
22
15
15
13
19
16
10
18
13
22
12
14
14
14
16
19
17
16
18
19
15
11
17
20
16
17
16
18
14
17
14
15
14
18
16
16
14
15
15
9
13
14
15
7
18
16
18
21
22
10
21
14
15
17
22
14
15
16
10
12
18
15
14
18
22
17
12
22
20
16
16
15
13
3
17
16
16
16
13
15
19
10
13
16
17
20
14
15
22
19
15
22
21
15
17
18
13
13
17
12
14
17
13
19
17
11
14
19
17
20
10
12
14
16
19
17
14
15
11
14
14
15
21
22
13
19
19
10
18
20
14
20
14
16
13
15
12
18
12
15
25
11
12
10
17
22
16
13
20
18
14
15
14
21
16
12
18
15
22
15
19
16
9
16
17
18
15
16
4
14
20
19
15
20
22
15
19
13
15
20
20
16
17
19
17
13
13
22
13
19
15
16
15
14
15
11
15
15
12
16
17
10
5
7
16
13
4
14
19
15
14
15
22
18
16
7
14
16
23
10
15
15
16
14
18
22
22
14
6
14
16
22
16
12
17
13
17
14
15
10
8
15
19
8
18
16
16
14
17
14
16
16
13
18
14
18
17
16
15
6
16
17
20
16
14
15
18
14
16
10
14
20
20
15
7
18
22
12
10
12
10
17
15
18
17
18
16
12
16
14
15
19
17
15
16
19
22
15
14
8
12
16
14
20
17
20
15
18
21
14
22
16
22
14
23
23
13
13
8
20
23
8
17
12
15
22
13
16
18
20
17
11
16
13
16
17
17
9
20
16
12
12
9
15
20
14
14
16
4
15
14
14
17
13
9
15
20
23
9
20
20
15
21
17
20
10
15
18
15
15
14
16
23
8
16
17
18
22
22
13
22
22
14
16
15
8
11
15
15
14
15
22
6
18
17
11
15
19
14
14
15
15
22
10
19
21
16
16
19
19
22
15
14
19
20
16
21
16
10
19
18
18
15
16
15
17
13
19
12
18
17
17
17
18
17
14
16
15
15
17
15
16
12
19
17
15
16
11
15
14
16
22
17
10
17
16
22
17
16
15
11
15
17
16
15
16
15
20
21
16
16
12
16
16
20
13
10
14
8
14
18
15
17
15
19
20
3
7
17
17
14
14
12
20
15
19
15
15
15
14
6
15
15
20
15
17
12
16
22
21
15
14
21
16
15
22
20
13
22
22
17
22
15
19
8
21
15
12
22
21
16
22
22
9
16
16
22
18
14
15
15
20
20
20
17
22
14
23
16
3
15
22
16
23
15
17
21
21
23
21
22
14
16
22
14
20
1
14
14
16
22
23
16
15
16
22
22
16
22
23
22
22
22
23
22
22
22
22
20
22
22
22
22
21
22
22
22
22
22
23
17
22
22
20
22
22
22
19
22
22
21
22
22
19
18
21
22
20
22
23
23
21
21
22
23
14
22
17
18
22
19
16
15
19
21
18
14
22
23
17
22
23
23
22
21
22
22
21
21
22
21
22
22
23
22
10
21
23
22
14
18
21
21
22
22
20
22
22
23
16
22
22
21
21
17
22
22
21
14
22
22
18
15
14
18
22
22
22
22
22
22
22
22
22
12
14
15
22
17
21
21
13
21
15
17
16
23
22
18
18
22
17
22
23
22
22
22
22
22
11
22
13
22
16
23
18
22
22
22
15
17
23
17
23
22
18
22
24
15
15
22
17
17
22
23
18
21
22
22
22
21
21
22
17
22
23
23
21
21
21
22
17
22
15
22
22
23
18
22
23
21
14
22
21
22
16
22
21
16
22
22
20
16
22
20
22
16
22
12
21
23
15
21
22
22
12
20
22
18
22
22
22
16
17
16
21
20
13
5
15
13
22
19
15
22
22
19
16
17
21
22
14
21
11
21
15
14
18
22
19
22
22
16
19
22
17
20
13
21
22
17
22
22
21
16
22
15
16
15
18
19
16
7
17
21
14
22
22
15
21
22
15
17
14
23
9
21
22
22
21
15
20
21
22
17
22
22
22
9
22
17
21
22
22
12
19
15
14
22
16
22
22
15
16
11
23
22
15
8
19
16
17
14
22
15
18
16
12
20
18
14
20
19
15
22
12
18
14
13
15
21
23
15
10
22
22
14
20
22
18
22
17
15
13
17
15
15
22
20
21
17
15
19
17
17
16
19
22
15
16
20
15
21
14
18
20
13
14
23
15
16
14
17
18
16
18
18
11
22
16
12
15
16
19
16
16
16
7
13
17
18
10
14
10
18
21
15
21
22
15
16
19
15
14
14
21
14
12
15
8
16
11
19
13
14
17
14
17
15
19
8
15
20
11
17
16
15
21
15
13
14
20
16
22
20
13
17
15
19
11
16
16
16
14
15
18
19
