3278
3217
2813
1675
3570
5127
4605
4512
3932
5875
2960
3512
2938
5141
4265
3006
4611
4618
2440
4621
5833
3545
4772
5190
4021
5340
5295
5311
5278
5799
5871
4630
5395
5850
4105
6385
5189
5947
4113
5353
6404
4762
5749
5932
5913
5301
5269
5957
4182
5348
5355
5265
5301
6452
6367
6396
4697
6370
6539
6966
5207
6330
6468
6929
4743
5802
6363
4825
7102
5927
5423
6430
5891
7655
7593
6980
6485
6462
5871
5216
6880
6473
6457
5874
8036
7590
5977
8119
6501
7589
8269
5186
6954
7545
7143
6975
7577
8096
8631
7001
7028
8164
8607
6531
8040
5922
8628
6517
8011
6491
6497
6889
7520
7034
7016
8632
9323
8200
6950
6890
6568
7618
7104
6906
8100
8055
7443
8135
7135
7624
9772
8187
7120
7070
8275
8116
8760
9196
6389
8195
8126
6583
7076
8205
7631
8153
6424
8263
8784
8727
6446
8838
8750
6473
8234
8248
7122
6572
8206
7601
7625
8196
7614
8237
8264
8679
7059
8795
7081
7562
8858
9274
8106
7617
8806
6987
7639
8216
8248
9318
7110
8189
7682
8778
9747
8327
7215
7579
8195
8758
9231
8260
9341
9340
7238
8172
8744
8714
9860
7628
8168
7090
6956
7235
8055
7662
8142
6959
8236
7725
8811
8810
7134
7630
8326
7842
8233
7173
9352
7179
7037
7631
7725
8721
9384
9327
7541
8766
8796
8892
8207
9340
7050
9333
7763
8808
8422
8106
8761
8269
7752
9140
8777
8313
7564
8871
8273
8822
9385
8854
9389
8269
9850
8772
9980
9301
7263
7697
8214
9423
9369
9923
7608
8308
7130
8854
8327
8444
7755
7716
8796
7771
7789
7237
8913
7692
8778
9343
8919
7805
8340
8792
7664
10095
8153
8803
8140
8335
8282
8771
10022
9377
8733
10460
7063
8698
8897
7721
9381
8921
8897
9275
7723
9490
8817
7768
9338
9415
10500
9358
8770
8684
8243
9394
7163
7559
10500
8714
9311
8173
9365
8742
9461
8356
8735
8863
8321
8189
8265
9363
8737
9456
9413
9343
10008
9365
8754
9404
9330
8696
8828
9946
8748
8144
8257
9892
8862
8677
8282
9281
9353
8147
8818
9291
9299
9888
8786
9874
9391
9336
9958
9007
8870
9346
9842
8239
8773
7775
8396
8277
9881
9341
9813
7676
9984
7675
8872
9327
9864
8759
8294
8913
8771
9910
8888
8303
8268
8228
8377
9467
8806
8241
8370
8314
7144
8233
8810
9864
8808
8403
7045
7306
8311
9925
8255
8837
10510
8847
8311
8875
9501
9317
9903
9217
8809
9930
9920
9800
9960
8881
8862
9933
9417
8996
9245
9353
8811
9405
8880
8963
8799
8869
9268
8727
9841
9976
9401
9427
10004
9344
9358
9432
9289
9848
9897
8749
8837
8264
8333
9901
9369
9958
8357
9460
8708
9750
8885
9841
8299
10004
8813
10447
8985
9416
9896
10393
9385
9900
8749
8705
9463
9962
9857
8208
9432
9860
10351
8888
9936
9439
8836
9397
8273
9927
9494
9310
9968
9361
9307
9396
8372
8856
9903
9791
10540
9390
9507
8347
8745
8899
9875
8332
9320
8863
8902
9948
10391
9929
9352
9347
10032
10522
7759
8721
8364
10559
10400
10930
10439
8182
9852
8241
9437
9379
9504
9946
9865
8835
9834
7230
9953
9258
8894
9394
9842
10992
9935
9394
8857
8880
9413
9944
8801
9409
10553
9995
9852
9937
10045
8846
9350
8807
9393
9313
8755
9312
8819
7842
9352
9890
9433
8703
10476
9926
9604
9913
9962
11066
9796
9342
9926
10523
9384
8349
10061
8864
11068
9460
10436
9353
8950
8781
9983
9364
10006
9920
7734
10976
10547
9327
9325
10542
9986
9394
8685
8843
10020
10594
8829
10558
8950
9476
9869
10412
10541
9943
9463
8864
9903
9449
9944
9325
10438
10366
9830
9872
9963
9850
9927
10546
10048
9359
9757
8252
10543
10021
10035
10497
10969
10432
9383
9901
8812
9369
10977
9321
9391
11066
9427
8861
9886
10394
9313
10454
11020
11021
10471
10062
10506
8801
9997
9356
10003
9914
9369
10036
9509
9419
10395
11037
9920
10477
10075
9906
10448
10509
10452
9923
10540
9968
9436
9444
10983
10515
10858
8846
10460
10029
12119
9362
8883
9865
8887
11110
10492
10507
9993
10093
9948
9911
11094
9743
11550
11018
9868
9954
11033
9805
9422
9449
9990
10376
9455
9489
10554
10589
11073
10497
9418
9923
11063
10044
10093
10475
9356
9337
11482
11045
9406
9410
9442
10020
10436
10467
10591
8893
10515
10069
11593
9371
10342
8863
9900
10426
8707
11030
9934
11676
10567
11085
9981
9284
9824
10592
10435
9999
10392
11572
10519
11074
9549
9899
11161
10560
8328
10494
9059
10019
11098
11070
11453
10441
10923
10974
12209
10905
9355
11635
10507
10359
10376
9357
11531
9333
10362
11625
11606
10581
10416
10496
10556
10829
10464
9939
12111
10518
11099
11058
10364
11615
11628
11112
11009
10601
9887
9460
11056
10480
9949
9924
10658
10036
11039
10089
11043
9963
10418
9896
11136
11157
9994
11044
11519
10898
10503
11034
12221
10966
9976
9956
10524
9973
8862
10451
12117
10406
10456
9392
11582
10526
10963
10546
11046
11109
12693
11677
10687
11566
10496
10038
10541
9935
11101
11010
10451
9992
10017
11546
12172
11704
11612
11148
10910
10508
10471
11093
11121
11218
10970
10584
11090
10525
11532
9986
12184
8305
9969
11103
12138
10522
11114
11605
10025
10556
10052
10983
10014
11070
9993
10531
11120
11061
11091
11669
10556
11625
12795
11621
12234
11021
10948
10551
11101
11053
10548
10561
10974
12742
10023
11634
11074
11639
9284
11653
9945
9336
10513
9384
10402
10483
11009
11517
11172
11136
11000
11001
11739
10973
11160
11412
11096
12131
11710
12677
11624
11558
11604
11628
11621
11641
10010
11630
10578
12142
11178
11601
11644
10502
11078
10492
11072
11527
12138
11675
9367
10970
10521
11610
12706
10592
11643
11694
10576
9990
12163
10431
10444
12188
10090
12205
11701
11046
10505
11079
11577
11243
11139
12688
12183
11572
9984
11585
11053
12671
10585
11596
12224
11125
11020
9988
12754
11060
11096
11684
11100
9927
12701
11616
11122
11624
9404
11157
11501
12707
11060
13164
12694
11590
10003
9355
10403
10422
10483
12776
11572
10597
12177
11065
10496
10597
11654
11572
12117
11630
11004
11675
11132
12765
10973
11061
11637
10983
12180
11736
11143
10462
11603
11175
10997
11639
10563
12229
11649
12215
11573
11762
10570
12579
11629
12137
11493
10581
12129
10564
12248
12151
10001
12291
12226
12694
12085
11029
8949
11091
9254
12735
12666
10031
10418
11662
11091
11629
11138
11540
11707
11233
12203
10434
12235
12167
10321
12185
12703
12132
12092
11105
11609
12662
10976
11001
10523
12168
13286
12171
11602
12672
12704
12198
12659
11118
12703
12729
12045
12801
11162
11680
11016
13217
11147
12190
11153
11143
11567
11689
11573
12107
11675
11651
11095
12808
12179
12271
12028
13262
11115
11115
11566
12748
13162
10459
11691
12139
9918
11627
11149
12181
10587
11672
12762
11489
13244
12119
12137
11627
11667
10689
11179
12174
12736
10519
12235
11652
11478
12002
11655
12096
11606
12206
10527
12056
13304
11590
12190
12115
12171
11107
12776
10521
11157
11658
11612
11105
11678
11129
12194
11588
12792
12080
12700
13216
12193
11059
12719
11552
13332
12201
12769
11692
12158
12738
12740
12126
11040
10004
10566
12131
12133
11672
12120
9967
12851
11094
9476
11760
11143
11629
11077
11628
12201
10998
11552
10935
10612
11703
11206
10670
12136
12144
13282
11712
12702
11028
12140
12239
11108
11031
12762
11030
11080
12738
12150
12136
11604
12140
10393
11129
11026
11036
12633
11565
12120
11565
9897
11604
11203
11598
13301
11626
10553
12086
11120
12770
12615
11495
13861
11186
10525
12078
11590
11094
11467
11107
11646
12220
11526
10457
13296
13320
13190
10595
11564
12717
13302
11651
11646
12788
13155
11661
12737
10543
11600
13212
11218
12723
12704
11641
11061
10635
12758
12197
13351
12668
11682
12247
10591
11131
12275
13265
12190
11137
10494
11677
12102
9871
13848
11532
10409
12025
11162
12083
12193
11533
13204
12217
13251
13255
12722
12764
11686
12185
11683
12088
12280
12805
11653
12182
12660
11120
11701
12252
12076
12135
12688
12211
11674
13834
13851
12243
12698
12647
12762
12192
10997
12128
11636
12675
13255
12723
11693
12262
11560
12778
13346
11672
12707
12197
11675
11515
13822
11024
11144
11707
11656
12119
12141
11744
12673
11756
10429
12194
13095
12110
9981
11522
11108
11605
12214
10565
14402
11630
12095
11058
12191
13223
12121
12705
12648
13168
12196
11503
12097
9937
11654
12670
10875
11107
13192
13325
13234
12154
13872
13796
12204
13685
11507
11149
10483
12291
12696
13251
12687
12183
11124
12124
12727
12177
13295
13837
11608
11666
12139
13842
11469
11567
11558
11533
11643
12758
12182
11498
13776
11580
11653
12232
13286
12302
10568
12214
11693
13384
13351
12172
12199
13270
12201
13307
13294
12741
12697
11099
10590
12030
13324
11119
11554
12232
13328
11631
12118
12193
13320
11745
12752
12675
12252
13772
11612
11042
13257
9983
12182
11619
10539
12195
11614
13324
14374
11083
12244
12162
12659
13195
12626
12147
10561
11772
12167
11065
12797
11661
13214
10950
11568
13366
12190
12153
12139
12726
12730
10628
13297
11712
12175
12087
12714
13276
13334
11177
9948
11008
12141
13875
12645
12717
11594
12707
12214
11503
10968
13820
12249
12702
13232
12159
11115
12277
13228
12161
11641
12649
13225
12132
13195
12127
13844
12175
12730
10569
13248
13354
11177
12208
12775
13250
12109
12684
11569
13323
12811
12198
11630
11649
12630
13801
13316
12180
12720
10965
12155
12683
11681
12597
12169
11502
12139
12195
13237
11097
11626
11679
11076
11668
12178
11617
12794
14338
11161
11602
12164
12791
12755
12795
11574
11180
13247
11590
11640
13353
14332
12212
12670
11585
12585
10562
11596
11722
12768
13266
13654
13317
12114
11722
12705
13200
13271
11645
11583
13187
11044
12636
12699
13229
12179
14341
12128
13266
12750
13287
12180
13695
13281
11583
13797
13359
13321
11586
13900
13875
12685
13310
12720
12099
13722
12820
11671
12757
12211
13226
11607
11632
13215
12164
12190
13321
11615
12141
12272
12670
13236
11595
11646
12759
13874
12748
13828
12762
12811
12190
13858
13886
11744
13237
14370
12190
12276
11607
13764
12218
13200
11682
13212
14396
12094
12583
12156
13288
13308
13276
12637
11588
13857
14385
12150
13248
11632
12719
12814
12133
10418
12844
11592
11668
13743
12149
13330
13290
12028
12718
12895
11650
11498
13825
12638
11570
12786
13189
13935
13811
12237
10575
12771
12814
13254
11737
12167
12740
12803
12616
11647
12702
12780
13222
13299
11449
12194
12250
12745
12666
11090
12699
12704
13279
12788
12077
12734
13290
12815
12170
12752
12777
11797
10996
12750
12114
12706
13226
11092
12267
13241
12137
11549
11677
13834
12222
13344
12800
14348
11630
11599
11041
11539
12260
12684
12209
12749
13290
15453
12737
11598
10063
12222
12197
10537
12200
12121
13260
11723
13150
13238
13185
13298
13720
13261
13280
10984
12762
12709
12178
12678
12038
13301
13234
12743
12684
11641
11663
13294
12201
11616
12753
12737
13234
12636
12767
13833
13295
12717
14297
14387
11636
13767
12123
12711
12611
13254
12726
12215
12139
13892
12196
9938
13323
12717
12196
12756
13174
13838
12753
12720
13293
12162
13874
13270
12585
12135
12130
12769
12763
12776
13837
13786
13815
13331
13883
10639
13251
12733
11145
13218
11708
13151
12295
12742
12177
12708
13234
13829
12183
14853
12786
13876
11176
13369
12282
11653
13823
12223
13287
13304
12693
13338
13719
12212
13253
12733
12627
14370
12637
13100
11635
13268
11605
13223
12748
12068
13306
13209
10507
12689
13786
13294
13727
13198
11673
13804
12163
14354
12760
13779
12774
11602
13307
13318
13726
12832
13802
12167
11692
14379
12140
12077
13719
12610
13160
13232
14256
11649
12264
12210
13171
13905
13158
12769
12644
13220
13260
13303
11620
13755
12666
12189
12678
11672
12673
13286
13879
12646
12685
12298
12263
14316
13689
12200
13778
12647
13779
13232
12606
12672
12261
13268
12148
12576
12132
13255
12246
13797
13191
12662
12623
12180
12074
11586
13292
13270
12135
13776
14336
13864
13368
12834
11750
12225
11618
12637
12312
13299
13883
13732
12650
12747
13221
13288
13151
12651
13336
13376
12686
12682
12837
13804
12240
14370
13288
12216
12705
13271
13866
11110
13313
14363
12168
12776
12159
11101
13222
13802
13213
12226
11683
13245
13784
13235
13224
12094
11588
11716
13233
13228
12268
11539
14362
11644
11697
12140
13835
13307
12782
12212
13236
12645
12223
12730
11642
12762
12762
12801
11625
12211
11424
12656
13842
12691
14356
12127
13231
13217
13685
11638
13381
14363
14871
13846
12678
12164
12759
13342
13298
12138
13285
12746
13238
11603
11598
13793
13851
12188
13312
12088
14344
13368
12129
13158
12684
12172
13788
13784
12196
12690
13698
14300
14277
12728
12714
11050
12177
12737
13846
13771
11127
13303
13758
12770
13240
12736
11558
12667
12825
13733
13265
13205
12149
13748
13347
11734
12224
13269
11638
11670
13296
14388
11110
11596
12520
13212
13739
13257
13856
13223
13264
13253
13822
13366
13786
13773
12751
11684
12659
13223
13277
12670
11657
9918
13321
12070
13359
10426
13833
14950
12731
13318
12595
13867
13204
13323
11647
13737
11154
14303
13721
12794
11721
14410
12811
12719
12180
13792
14383
12665
13866
13846
13247
13219
13802
13284
13725
13256
12221
12767
14280
13320
12702
14356
12691
13751
12635
13187
12734
12252
13310
13204
12641
13308
13226
13293
13785
12153
14374
13317
11656
12796
13302
13271
12105
14332
12080
11599
13799
13223
13822
12773
13845
13313
11593
13737
14286
11107
13261
13835
13322
13261
12734
12673
13252
14353
12830
12629
13827
12758
12631
12790
12721
13826
14281
12558
14359
13212
14397
13200
12100
12053
12748
12695
12736
12840
13803
13342
13381
13269
12781
13374
13846
12159
13250
12658
13331
14845
13810
13824
13856
12248
11034
12192
13733
12237
12656
12727
12199
13835
12670
12773
12248
11062
12114
13915
13209
10435
13833
12629
12099
13260
13698
13253
12602
13227
14396
14331
12116
12700
12069
10444
14332
13797
13774
13319
13378
14329
13153
13304
12156
13816
13837
14871
13221
12684
12170
13779
13776
13873
13180
12730
13845
12698
11128
12782
11715
13730
13229
13853
12169
13815
13321
12197
13324
12685
12766
13727
12703
14263
11514
12710
13275
10615
12814
12679
13327
12767
13296
12204
13198
13839
12757
13340
12739
11060
14912
13344
13820
13766
12226
12138
13381
13344
12197
12721
12740
11671
12658
12134
13258
13331
13206
13790
13816
11609
14392
13291
13215
13782
13884
12221
12110
12149
13690
13754
13202
10583
13780
12769
12706
13246
12826
13185
12830
13250
13821
13790
13822
12082
12799
14343
11484
13856
13273
11504
13864
12182
13261
11684
12654
13311
13855
12182
14398
13232
12181
12115
12145
13346
12677
12672
13270
13314
13333
13769
14348
13325
13263
12645
12263
12595
14315
12554
12645
14349
13924
13767
11528
13281
13883
12704
13193
13810
12179
11040
12668
12162
13321
14422
12117
13881
12046
12769
13342
12071
13215
13796
12131
13296
13225
14870
14441
11033
13686
13899
12683
13298
13831
11005
13794
12174
13272
13218
12700
12727
11594
14425
13109
13275
13376
13714
12638
12743
12795
13743
13323
12154
13137
13306
13730
12116
13740
13712
13278
13695
13404
13195
12655
13192
11668
13824
13274
13809
13168
14994
12692
13261
13760
14369
12147
12709
14319
12748
13242
12791
14323
13807
13255
12760
14941
12609
14336
13252
12768
13260
14288
12606
13221
13783
13729
13197
13413
12697
13277
12692
13817
11423
14916
14357
12684
12734
13083
13833
13151
11671
12755
12651
13705
12563
14298
11679
12721
13722
13291
13274
12190
13850
12747
13802
13325
14355
12744
14408
13721
14788
12572
12181
12231
13811
13285
13204
13805
12652
14300
13360
12206
13268
13694
13323
12220
13682
12671
12698
13252
12794
13169
13259
13280
12041
12777
11518
13172
13817
13228
12703
13811
13125
13221
13693
14385
12184
13194
13332
12663
12701
12869
14350
12741
12641
12666
12833
13308
12687
12212
14377
13271
12698
12116
12708
14363
13748
13644
12774
13913
14385
12734
12654
13246
13260
13201
13838
13267
13876
14357
13795
13876
12793
13851
12726
12828
14923
13917
13747
12696
11025
13394
13772
13247
11554
12143
13798
11541
12726
11607
13247
14409
12611
14324
12772
12208
12724
12698
14318
13808
12603
11072
12678
14349
13221
13349
12691
12735
13866
12680
13200
13353
12712
14902
13742
11524
12108
14369
12003
12156
13753
13837
12600
13762
13820
13194
14921
13841
12648
13325
12800
12194
14460
12626
12098
12603
11710
12626
13762
12673
13873
12659
13274
12719
12177
13822
13182
11666
12772
13218
13223
13214
11547
14844
13169
13179
12192
14315
12171
12156
14450
13227
13830
13810
13253
13316
13281
12713
14384
12822
12722
13215
14309
13191
12604
13214
12772
13287
13287
14338
10962
12284
14419
12691
13835
14329
13306
13224
14326
13839
12742
13326
13806
12748
14314
13239
13796
12194
12826
13899
12682
13294
12833
12722
13805
12069
12197
13223
13854
13239
12122
12776
12653
12173
12687
12228
13789
13330
14370
11697
11223
13823
14352
13342
12626
13232
13800
13849
12780
11665
13198
14406
12672
13315
11674
11042
13366
12661
13141
14362
13336
12582
12735
14336
13780
12627
13685
13301
12224
13327
10590
13763
13873
12200
12672
12557
12691
12703
11550
12765
12786
12739
13873
13784
13288
13202
14319
11707
12107
13215
12733
13752
13834
13248
13192
12645
12629
13770
13763
13219
13275
14330
12662
14379
13778
13812
13242
12701
14436
13818
13221
15398
12806
11824
11596
13190
13269
13323
12223
14891
10991
12811
13255
13799
13202
13334
13169
14348
12186
13334
12709
13781
12646
12104
13765
12131
13182
13199
12724
14897
13225
13773
13814
12212
13852
13175
12625
13833
15498
13323
13765
14225
14933
12626
12725
13211
14304
12768
12643
12648
13334
14957
12702
12658
12701
12121
14275
12083
12790
14421
13822
14235
13222
13827
14303
13869
12826
11577
12763
13285
13790
14281
13304
12712
13206
15471
13270
13328
13190
12614
12820
13153
12190
12251
13396
13197
13738
13745
14334
12092
13291
13837
12747
13797
13253
14223
14360
12274
11525
13872
13182
13792
12162
14412
11565
13331
12723
12653
13755
14401
12795
12754
12239
12715
12624
14428
14291
14929
11634
13271
13746
14335
12602
12724
12756
12219
13215
12714
13829
11614
13868
14408
13253
12728
13251
13345
14339
13261
13242
13122
14323
14426
13802
13833
13733
13797
12787
12725
12747
14752
13192
13071
14378
12730
13908
13240
12812
13827
13242
14853
13207
14856
12579
13298
13804
13212
13915
13257
13174
13145
13253
12636
11574
14325
13783
13796
12722
11680
13821
13238
12639
12173
13247
13236
13769
13756
13910
12763
13758
12149
12016
13352
13249
13222
12662
12802
14298
13787
14898
12112
13885
11531
12743
12657
13851
12647
14339
13857
13847
13738
12600
12793
12667
13818
13182
14354
13347
14950
13213
13305
13193
14865
15478
13267
12226
14922
12790
13946
13267
13275
13220
12644
12710
13312
13158
14381
12685
14313
11615
12723
13696
13293
13808
13370
13265
13821
13174
14279
14366
12023
14434
13883
14403
13727
13276
13328
13339
12692
13241
12589
13208
13799
13736
13784
13778
13759
14350
13826
14362
14355
13457
13206
12598
13146
12054
13220
12776
15511
13204
12806
13161
14252
13238
13803
13810
12258
12690
14344
13219
13249
13824
15444
13812
13803
12763
12859
12262
13851
13801
12144
13783
14358
14338
14875
12745
13300
15444
13275
13861
14276
12851
14295
11522
12692
13818
14365
13677
12730
14366
14372
12677
13284
12765
13269
12142
11574
13144
13775
13351
13663
14353
15412
13861
13286
12633
14442
13250
12620
14282
13873
13832
13252
13256
12757
11694
14866
12227
13276
13831
13906
13146
12599
14305
13688
14393
12612
12706
14324
12676
12721
13254
12738
12082
12784
14396
13225
12246
13318
13207
12067
13736
13718
13292
12663
12808
13837
13347
12764
14881
12750
13864
13301
13186
13811
13758
12784
14405
13243
13272
13199
14414
13195
14880
14315
14358
12757
12691
14352
14933
12294
11643
12847
12726
13173
13919
14392
13746
13286
13869
13154
12187
12723
14361
13321
13175
12695
13775
13251
13331
13731
14858
13803
14378
14351
13304
13310
14367
12215
14399
14390
14394
13282
13869
12119
12777
12706
11555
13273
14933
13798
13750
13271
13194
13800
14399
14449
13233
13214
13127
14950
13759
13913
13157
14433
13176
12225
13821
11501
13288
13837
13250
12716
14351
13749
14408
11596
13816
13786
14347
13813
13897
10544
13223
14873
12674
14327
14906
13255
13794
14300
12743
13246
14850
12164
13787
13839
12181
13305
13952
12172
13166
13785
13240
12745
12697
13857
12703
13305
14318
14275
14245
13799
14333
12678
13370
12729
14408
13817
14362
14293
14295
13210
14378
13749
14322
14931
13774
14325
12686
13252
12299
12607
13760
14325
14396
13197
14342
12764
11812
12617
13832
13394
13795
13791
11652
14281
13212
13254
14396
14403
12133
11580
14347
13317
12703
12710
13781
14346
13719
14303
13895
12802
14403
12714
12597
12664
13345
13804
13271
12297
12749
12697
13196
13877
15438
13245
13686
13772
12207
13249
11611
13903
13842
14333
13256
14434
12229
13798
14871
13354
12602
11549
14292
13255
14914
13919
13753
12860
14459
12750
13134
14356
13174
13807
14904
12659
13263
12166
12744
13268
12116
13866
13761
12786
13727
13812
13356
13243
13344
13766
13165
14286
12674
13281
12572
13839
14964
14356
13324
12135
14873
12181
12838
13793
13738
13841
14877
13755
13267
14909
13390
13699
13895
13328
13852
11632
12822
14337
13844
14908
13756
14933
13784
13742
14348
14412
12733
14283
14894
13870
13830
12761
13686
12715
14255
13316
13090
12849
13845
14927
12761
13682
14399
12706
13155
13231
14413
14306
12686
13199
12131
12681
14835
14304
14334
13783
13869
13858
13785
13170
12760
12805
14979
12141
13177
13748
13836
12577
14239
13289
12786
12313
13337
12255
14965
11649
13222
12651
12113
14306
13860
14363
13758
13318
14936
13793
13261
13249
14922
14292
14405
14807
12778
13781
12677
12129
13788
14336
13815
13854
13266
13264
13140
14301
13239
13914
14335
14861
13855
11439
12172
12199
13306
14333
14321
14308
13786
14343
13824
13767
14864
13251
13812
13839
12898
12674
13218
13819
13795
12739
13223
14440
13198
14339
14360
14854
14349
13801
13226
12718
12759
13726
14299
14408
14306
13204
14370
11055
13844
13108
13750
13794
14857
13843
13758
14929
14376
13277
12681
13254
14896
13782
12684
13237
14337
13276
13801
14305
13765
15470
14816
13359
14880
13228
14337
13281
14396
14385
13819
13316
13232
13838
13241
13803
10568
12810
15367
14269
13773
14341
13783
12114
11582
14877
13252
14289
14920
14258
14304
13254
12726
13832
14234
13694
12720
13385
14940
15434
13806
13330
13255
13713
14366
14271
12817
12139
13174
14890
13210
12666
13844
12794
13796
13152
13804
13857
13154
12059
13302
13790
13849
13744
12629
13793
14223
13808
12662
14346
13751
13278
12144
13766
13843
13862
13883
13258
13873
13297
11097
14871
12646
13796
12111
12685
13148
12702
12698
11683
13807
13211
14293
12718
14350
12622
12741
13832
12699
13827
13277
13819
14892
13761
13297
12734
11632
13197
13183
13307
12618
13779
14252
13249
12628
14212
14410
13812
12743
13839
12624
13739
12776
13798
13239
11734
13859
12103
13203
13812
13775
12120
12088
12201
13818
13286
13225
12679
12648
13797
13193
13767
11706
14343
13155
13200
14272
12230
14354
14314
13797
13207
13793
13290
13730
13785
14898
14334
14894
13799
14421
13303
13262
12293
12125
14406
13820
13221
13789
14838
13745
14380
14325
12755
13237
13820
14282
12691
14287
13208
12146
12710
12644
14793
13350
13790
14322
14373
13234
13873
14939
13218
15353
13292
13243
13291
12664
13894
13754
14310
13710
13300
13763
12733
13860
14301
13825
14798
14406
13840
14328
13289
12144
13773
13227
14843
14889
14835
12222
14358
14304
14387
13336
13668
12710
13829
13770
13823
13710
13353
12178
14255
13762
13804
13746
14236
12672
12135
12746
14390
13200
13205
14889
14383
13811
14871
14439
14400
14417
13278
13383
13887
13191
13358
13324
14313
15433
12689
14307
14411
13749
12150
13826
13301
13271
13339
12840
13900
13748
14334
14363
13754
13300
12730
13812
13340
13869
14381
14901
13787
13645
13302
14360
13727
14280
14346
12546
13859
14947
13827
14349
12701
12093
14402
15400
14315
14850
14472
13881
14963
13711
13757
13782
13694
14287
14297
14384
13839
14401
13249
13837
12693
13763
14368
13183
14415
12239
12091
14332
13735
13876
14368
13322
14914
15465
12615
13233
14391
12654
13274
13266
14322
14264
13761
13777
13724
13385
14954
14317
13687
13869
13270
14374
13260
13796
13785
12242
13367
13802
15454
13865
13705
14370
13244
13226
13796
12533
11647
13711
13177
13859
14307
14291
13869
14377
13249
12717
13778
13193
12839
13278
13830
14904
13224
13761
13821
13131
14230
14383
14860
13304
14297
13052
14379
13706
14889
14880
14316
12673
14909
13776
13745
12713
14904
13769
13725
12213
15472
14392
11599
14869
14944
14880
13820
13770
12149
14315
14245
13859
13783
14348
13867
12807
13690
13229
15416
13238
13740
14330
11762
14321
13296
12667
13302
13239
14358
13184
14844
13261
13166
12316
14359
14321
14941
13720
13290
13782
14223
13287
13309
13235
13137
14903
14939
14421
13249
13271
12799
13795
14457
14310
13818
13813
13841
13238
14828
13278
13221
14357
14354
13840
14393
14367
15495
13666
13337
13260
14366
14346
13380
12656
14321
13293
13203
14297
13372
14937
14901
12649
13762
13250
13792
14301
13769
12742
14413
14326
14353
13878
13253
14845
13841
12133
13672
12754
14810
14832
14405
13200
12160
13777
13835
13292
15391
13174
13880
14337
12031
13714
12683
13237
14934
13752
13280
14402
13166
13180
14330
13785
14368
13841
13147
13826
13704
15423
12653
13888
14840
13223
14313
12593
13238
14778
13796
14886
13755
14338
12771
13341
13254
14834
12159
13842
13768
14883
14401
14395
13774
14320
13733
15007
14275
13664
12620
14269
13773
12256
14262
12675
13325
13783
14348
14324
14258
13783
12166
13817
10960
13877
14450
12199
14910
14326
13774
11516
14328
13279
14384
13730
14371
14435
13832
13819
14371
13652
13195
13850
13280
14347
13803
13665
14303
13173
14845
13807
12738
11621
13812
13860
13800
13289
14292
13912
13765
14930
14305
13691
13729
14327
14335
13834
14891
13783
14332
13358
13682
12730
13799
13779
13805
13748
14245
14312
14409
13200
14965
13766
14925
13748
13261
13818
13783
13376
14331
14339
12669
13272
14883
13279
13755
12741
14362
13841
14331
14449
13776
13856
12639
14844
14844
13217
13767
13193
13799
15478
13231
13721
14864
13671
14342
13147
13639
13846
15398
13699
13757
14383
13301
13290
12779
14894
13729
13842
13678
13762
12152
12820
14330
13172
13748
13826
14851
13319
14860
12210
13739
12355
14915
12792
13196
12737
13272
13822
13840
14831
13323
15992
13229
14871
13838
13202
13376
12174
14856
13232
13248
13196
12191
14888
14413
13838
14290
14323
13702
13223
11620
13745
13259
14841
14922
14325
12162
14808
13735
13701
13769
13261
12628
14878
13801
13204
13791
13872
13729
12872
14478
14371
14902
13845
13118
14454
14386
15443
13739
13806
14345
14326
13778
13805
14860
14307
13766
14377
13231
14287
14391
14319
13717
14353
13718
14811
13306
14444
13782
13776
13831
14264
12810
13745
14372
11641
14341
13210
14234
12654
12824
14406
13797
13211
11597
13773
13786
13860
14304
12766
13142
13912
14395
13829
13858
14309
13858
14302
13773
13289
14370
14344
12058
12787
14855
12692
14297
13336
14901
14810
14349
13155
14338
13817
12190
13866
13864
14846
14889
14851
12673
14812
13724
14310
13282
12702
13787
12820
14897
14860
12693
14347
12675
13243
12744
14420
14365
13868
13787
13858
14424
13791
13220
14391
13207
14964
13291
14241
13904
14807
14265
13789
13269
14318
13237
13816
14867
13674
12814
14376
13227
13295
14361
14399
13170
13271
13239
13780
12721
14894
14351
11667
13175
13291
14866
12083
13822
13809
13857
12649
13774
14312
14240
14350
13155
14392
14936
12729
13810
12268
13274
12760
14917
13831
13297
13270
13282
14938
13319
13888
14842
14954
13211
13220
13324
14428
13087
13878
13814
14954
14876
14317
14343
14894
14299
14890
13842
13809
14328
12782
14289
14310
14869
14324
13814
14330
14950
13214
14332
13221
11764
13333
14357
14324
13780
13166
13252
14892
14341
15437
13703
14385
13766
14282
14371
12246
14360
13762
12085
13816
13836
13860
13834
14263
14928
13823
14269
14386
14289
13707
14307
13917
13313
14910
13196
13774
14921
14873
13824
13821
13277
13217
13738
13103
13307
12765
13795
13229
13260
12615
14360
11065
13830
13806
14333
14940
14304
14287
13754
13204
12123
14878
13840
14324
14254
14362
14249
15517
14423
13827
14876
14417
14394
13124
14307
13806
13149
13759
14862
13845
13809
13825
12783
13292
13853
13275
15457
14319
13280
13720
13856
12560
13830
13747
14225
13296
12215
14301
13856
14423
13293
14315
13207
14269
13813
13255
13351
14412
14881
14924
14944
14891
13761
13654
12688
14348
13781
14271
14919
14407
13202
14370
14292
12711
13328
13862
14224
13832
14871
14964
12111
14278
14884
12768
14353
13817
14357
13896
13812
12749
12708
14361
14404
14440
14343
13771
13176
13761
14881
14405
14307
14309
14270
13798
14314
14313
14318
13835
14424
14306
13824
14369
14268
15450
13276
13290
14980
13854
13262
13906
13831
13775
13900
13815
14359
13182
14346
12716
14975
13826
13200
13789
12063
14876
11831
12733
13693
13181
13207
13821
13869
14354
14361
14389
14291
14858
14337
14424
12621
14863
13263
14328
14291
14436
13319
13745
13785
12662
14953
14356
13274
13910
13162
13173
14356
12807
14383
13248
15406
13297
14873
13744
13866
14338
13253
13800
14316
14822
14962
13779
12713
12708
14956
13277
14901
13829
14875
13208
14373
12629
13768
14927
13757
13214
14270
13850
13908
13732
13314
14842
13307
13274
14926
14340
14292
14870
14394
13324
14378
14333
13393
14414
14385
14834
13292
13860
15450
14435
13239
14241
14328
14330
13854
12660
14375
13174
13800
12638
11642
13667
14355
12750
13758
14371
13830
14849
14371
13274
13787
13218
14858
13892
13730
15465
14854
12763
13669
14310
13267
14971
13804
13829
13228
15488
14271
13294
13267
13731
13138
13742
13771
13202
13290
12247
13274
14861
14303
13268
13130
12154
13742
13855
13388
13890
14383
14769
13253
14296
14366
12761
14835
13759
13728
12195
13215
12728
14912
12704
14429
13853
14393
12663
13804
14326
14334
14377
13801
14330
13240
14879
15456
13200
13798
13247
13298
14883
14895
14416
13180
12722
14901
13800
13303
13677
13828
13318
14860
14365
13786
13276
13732
12657
14914
13262
12721
14892
14963
14395
14911
13343
14336
13280
13741
14856
14364
14349
14877
14386
13794
13744
13229
13841
13722
13302
14345
12017
13115
14383
13731
13821
14833
12132
13765
14887
14896
13324
13289
14380
14257
13697
15430
14380
14827
14851
13809
14234
13203
14431
13355
14835
13840
13784
13718
13678
13791
13826
13668
14310
14865
13858
14928
13802
12086
13696
13760
13722
13268
15426
14409
14856
13722
14932
13744
13195
13314
13757
14904
14402
13188
13865
13792
14836
13816
12722
13858
14351
15503
13769
14888
13847
13849
13774
13142
13806
15434
14304
13768
14331
13747
13759
14948
13222
12800
13792
13785
14899
14357
14968
14809
13745
13924
14942
11611
13828
14314
13820
13217
13863
14354
13825
13710
13870
13817
12733
14446
13835
14817
13828
14363
14885
13199
13849
13761
12754
12640
12196
14855
13665
12685
14938
14305
14304
13221
13259
13315
13336
14974
14298
13236
14920
13309
14393
14833
14312
13821
13813
14365
13289
14861
13188
13776
11576
14311
13808
13221
13260
14880
13348
14903
14909
14340
13216
12737
13201
12809
12768
14387
14891
12279
13769
14327
13832
14279
13222
14341
13187
13873
15445
14234
11503
14876
12705
14949
14947
14379
13190
13221
14339
14825
14828
12122
14425
13321
13852
14330
13847
14400
14937
14373
13749
13781
13218
12744
14894
13169
13769
15416
14903
13816
12790
13827
14352
13757
14379
13207
13684
11536
13112
14872
14832
13275
14881
13683
14852
13758
14374
14309
14390
13300
12763
14350
14367
13808
13759
13796
14303
14367
14315
14426
13748
14883
13220
14330
13808
14360
13260
13244
13832
14416
13281
13685
14364
13897
13801
13765
12744
13220
14353
14316
14984
14923
13803
14285
14971
13275
13719
14308
14285
12721
11549
13213
14895
13781
13832
14947
13837
13199
13318
14894
14848
14823
12744
14246
14868
13760
14375
13300
13281
13302
12728
13240
13722
13754
13857
14871
13776
14899
13255
14846
13344
14882
13225
13773
14297
14394
14856
12754
13238
14359
13763
12145
14866
15410
12746
12139
15377
13854
13791
13298
13795
14250
13794
12729
13893
12685
12048
14374
13810
12138
13798
14296
14246
12652
13723
14291
14908
13883
13231
14893
14329
13787
14394
12137
13766
13204
14950
13294
13870
13744
13817
14390
14332
13788
13300
14340
14303
14312
13751
14961
13809
13289
13806
14333
11588
13717
15456
14360
14411
13838
14374
15399
13339
13239
14898
14421
13788
12668
14856
14306
14277
12754
14302
12706
13221
14898
14955
14957
14350
13789
14268
14866
14956
13801
14385
14911
14334
12714
14367
12702
12714
14335
14994
14864
14320
13814
14903
13663
13293
14313
14403
13180
14856
13289
12209
14251
12034
13811
13845
12580
13722
14361
13869
13769
14389
13832
14320
13155
14359
13891
13176
13785
12748
14815
14367
13840
13779
13101
14948
13259
12142
14337
13307
13635
14882
13272
13274
14281
13245
13719
14891
12696
13266
13804
12175
14874
13252
13788
13865
13781
13195
12659
13797
13304
14326
14271
13769
14957
14873
12168
14904
12195
13702
13790
13126
14818
14925
13743
14283
14835
13314
14781
13786
14382
13142
13706
12661
15369
13822
15491
13286
11750
14380
13241
13816
13803
14304
14280
13285
15429
13729
13707
14874
12772
13263
13306
14441
14840
13755
13219
13334
12767
13893
13828
13213
13160
13779
13848
13779
14400
14359
12730
12213
15437
12764
13825
13297
14293
13272
13693
13824
13324
14221
15454
14421
14362
13230
13311
15461
13240
13235
13295
14866
12763
11617
12689
13847
14249
13753
14380
15515
13731
14351
13186
13825
13757
14324
13810
13855
14356
14436
14328
12731
13727
12741
13811
14299
14426
13881
13806
13279
14848
14389
12640
13270
13829
13265
13751
13371
13288
12771
14850
13909
13802
12714
13291
13784
13828
13236
13196
13226
14305
13788
12653
12714
13861
14309
13735
14325
14940
13765
13810
13141
14414
14846
14272
12674
14913
13801
14334
12685
13703
14867
13869
12653
14265
13743
14315
13822
14913
13786
14353
15440
12802
14445
13188
13283
15463
14830
13318
13317
13695
13787
13904
15381
15445
13787
14351
13243
14936
13782
13179
14340
13751
14947
14297
13230
14797
13714
11680
14889
13787
14344
13348
13790
13863
13813
14257
14941
14348
13146
14374
13733
13703
13842
14309
12653
14925
13247
13256
13864
13186
15528
14885
14889
14374
13811
13220
14325
15470
14894
14411
13690
13753
12160
14330
13802
13910
12728
13775
14350
13224
13848
12753
14361
13171
14837
12725
13823
13741
14904
13243
14809
13267
14828
14990
14240
14359
13244
14857
14328
13272
13177
13154
13254
13344
13169
13856
13876
14946
13242
14919
13764
13693
13747
13826
14865
14446
14246
13707
13169
13882
14938
14307
13231
12541
13730
14325
14323
14945
13831
15365
14295
13338
12166
13187
15355
14299
13811
14281
13827
13756
14930
13861
13201
13276
13719
14321
13871
13836
14817
13731
12284
14825
14369
14328
14257
13777
14300
14882
14389
13820
14837
13706
14326
14852
13809
14284
15374
12740
14361
14882
13735
14350
14842
13325
12805
13294
14886
13787
15428
14386
14328
12727
13717
14864
13763
13757
14299
14387
12121
14852
15463
14884
13267
14413
14325
14286
14254
13833
13186
13825
14301
14222
12847
12804
14281
14420
12204
13826
13876
13765
13723
14275
14363
13802
14310
14315
13726
12171
14867
13810
14905
14355
14379
15435
12198
14393
13860
14269
13762
14977
13192
14316
14884
13930
14404
14359
14780
15457
13835
13213
14889
14849
12750
14869
14314
12812
14942
13798
12687
14841
15404
13296
14336
13792
14870
14877
13688
14255
14903
13649
12641
14341
13243
14257
13749
13855
13733
13315
14911
13709
12785
13796
13909
13850
13836
13756
14958
14286
14921
13326
13299
12720
13255
13859
15408
13295
14868
13192
13853
13819
12733
14346
15456
14326
13771
14218
13807
13765
14375
13769
14303
15345
15440
14383
13262
14353
16009
14347
14331
13228
14366
14396
14317
12215
13256
14303
12150
15428
14350
13256
14257
14337
14360
14910
14256
14316
13257
14922
14861
14870
13216
13224
14295
13749
14791
14293
14884
14927
14329
14428
14873
13219
14370
14909
14302
14411
14946
14839
12638
13262
13882
13746
14324
14242
14311
13908
14381
13143
14306
14351
13289
15464
13846
13220
14367
14900
13299
13878
13836
15364
13847
14338
13240
14344
14889
13192
12714
14376
13694
13836
14346
13313
14449
14393
13939
13734
14332
14918
13791
14387
14869
14970
13838
14268
14430
14967
14318
13313
12206
13332
13808
14859
13778
13295
13302
14922
13787
13752
14866
14945
12684
13262
13203
13773
13214
14337
14935
12132
13332
14417
12008
13149
14289
13778
14363
14831
14191
14866
14838
12639
13806
14351
13770
13239
13766
14374
14266
13847
12214
14303
13290
14896
13124
14837
13726
15391
14321
13772
13779
14906
12690
14947
13881
13815
14951
13731
13770
15419
14863
14289
13853
14230
14870
14349
14357
14407
14304
13768
15457
14886
13236
14873
13290
14812
14898
13830
14338
13782
14385
15446
14421
14951
14312
13295
12800
12177
13731
14369
15447
14333
13233
14860
13860
14807
14357
13175
12730
13936
13201
14872
14356
14408
14920
14320
13782
14870
14377
13888
12249
15449
13803
13352
14848
13200
13740
14268
13231
14341
15367
14368
14941
13263
14292
13757
14368
13846
14902
13231
14410
12575
14304
14345
14833
14291
12151
14344
14386
14402
13806
14804
14992
13190
13912
11086
14337
12092
14423
14328
14308
15467
13796
14289
12754
14295
14895
14381
14302
12721
12133
14416
13136
13777
15424
14896
14275
12728
14342
14399
14255
13250
14312
13219
13831
14359
14315
13777
14932
14858
15471
14269
15573
14319
14284
14425
14825
14285
14301
13866
13214
15397
15415
13684
12629
13670
13896
13755
15444
14279
14270
14335
14326
15450
14307
13294
14410
14882
13834
13754
13842
13260
14963
14300
14439
14358
13755
15405
13184
13751
14826
13155
12852
14876
14367
14909
12577
14351
13818
14413
13245
14304
15395
14286
13815
14268
14261
13703
14330
15404
14260
14347
14912
13319
14283
12761
13266
14884
13820
13796
13863
14397
14347
12645
13793
14937
15343
13842
14289
14865
13113
14872
15464
13868
14487
14337
13187
14350
14384
13832
13156
14847
14340
13675
13369
13278
14895
13224
13677
14885
13942
13299
14873
13213
13842
13802
13696
15410
12744
14268
14832
14299
14280
13656
13238
14232
13307
14399
13752
13750
13289
13799
13814
14874
14366
13175
14863
14931
14884
12714
14248
14361
13274
13211
12774
13839
14857
13764
14832
13776
13238
12647
13773
14308
14291
13773
15472
13861
13771
14890
13797
13269
14408
14926
14882
14448
14336
14319
14796
13763
12690
15452
12777
13708
13755
14374
13332
14849
13253
14314
13688
14304
14866
14957
13707
14871
13739
14399
13880
14948
14860
13729
13808
13217
13723
14812
13759
12200
13789
13801
13840
14337
14368
13193
14239
14306
14960
13783
14352
14906
14304
14913
14322
14390
14384
14310
14274
14299
13759
13750
14341
13828
13847
14846
14260
14293
13801
14331
14285
13778
14888
14909
13181
13761
12240
14332
14978
13238
14870
15011
14902
14938
14894
13846
14321
14324
14923
12764
14309
13215
14309
13819
14889
13158
14874
14950
13275
14932
13745
13212
14880
14900
13262
14793
14787
15399
13314
13696
13875
14276
12737
13144
13772
14877
14777
13295
15388
14926
14377
13789
13717
14307
14820
13786
15441
14976
13795
14348
13704
13831
14395
13836
14330
13779
13226
14282
14919
13830
14382
12799
13742
14900
13319
13255
13310
12230
14242
14325
13777
13796
14347
13927
13841
14846
14355
13862
13288
14811
14913
14375
12504
14859
13819
13161
14887
13847
13802
12511
14364
15346
13869
13819
14340
12745
13743
14392
14381
13328
14354
13296
13665
13194
13764
13216
14792
13300
13757
13731
14377
13787
14324
13815
14876
14236
14315
13832
14414
15502
14823
13746
13822
14214
14332
13722
14308
14366
13734
14311
15451
13763
14904
15384
13784
14272
13803
14312
13156
15392
14310
14905
14305
14766
14350
13196
14326
13279
15445
13820
15409
14317
13757
14303
14318
14863
14869
13879
14262
14166
13779
13815
13769
15350
14799
14354
13728
14839
13874
13792
4095
3383
4630
3912
4157
3997
5165
3460
4090
3500
5224
5215
4528
4797
4610
5243
4685
4645
5213
4744
5278
5829
4535
5225
4116
4756
5659
5822
4045
4766
4066
5292
5244
5901
5314
5260
5782
5171
5837
5794
6538
5841
4753
5320
6401
5743
4656
4261
5853
5318
4694
4613
5847
6896
5860
5293
5875
6979
5921
7022
7013
6405
6922
4624
5468
5382
6984
5380
5357
5829
5817
5842
5712
8140
6332
6994
7568
6050
7020
6465
5408
6315
7487
5883
7030
6289
6906
6539
5874
7097
6024
6406
7647
7577
7624
7110
7487
6393
7112
8682
6514
7047
6917
7556
7511
7056
7706
8173
7007
8209
6482
6479
8176
8108
7490
7213
8092
6960
8116
7064
8662
7553
7145
7089
7018
7605
7610
7581
7662
7590
7535
8004
8676
7073
8258
8215
7583
5982
8246
7065
6589
8226
8404
7637
7202
9212
8232
6010
6598
6033
6422
7520
9142
7125
6991
6956
8075
9278
6685
8266
8266
9352
8156
8179
8240
8145
7614
7124
7040
7081
8191
9342
8006
7619
8669
7588
7576
8029
6458
6458
8874
7642
7620
8754
7074
8133
9329
8772
7117
8309
8780
8725
9302
7510
9315
7771
7604
7687
6552
8868
8196
7168
7104
9301
8541
8275
8238
8244
8188
9364
9323
8300
8189
7186
6523
8823
7128
8752
8257
7125
8726
8078
8195
7175
9259
8859
8731
7723
7236
7676
8256
8737
9265
9850
8853
6539
8197
8244
9856
10417
7718
8181
8843
8902
9310
9370
9857
8861
8312
9301
8687
7721
7689
8801
8234
9448
8836
8104
7179
9453
8253
8116
9227
8327
8856
9270
9398
8390
8881
8148
8302
9345
9230
8735
7737
8184
8270
7225
9421
8140
8793
8628
9275
8818
9704
7702
7684
8194
8195
8857
8629
8225
7856
9282
8335
9901
7676
8245
10541
8818
8755
8801
7754
7723
9418
8239
9814
7727
8828
8223
9343
8668
9987
8869
8228
8835
9353
8212
7782
9826
9893
7771
9815
7003
8356
9362
9355
9344
9443
9464
8679
9360
8256
8892
8116
7783
9412
9838
8762
9193
8806
9240
8726
8970
8903
8827
8704
9437
9838
8449
9955
8743
10558
9404
7721
9913
8829
7796
8734
8459
9414
9331
10436
9847
8173
8740
10400
9342
9414
8842
9303
9956
9667
8321
10536
9918
8179
8789
8836
7779
8376
8841
9327
9930
8805
8297
9449
8677
9181
9910
9427
8816
8902
9409
9434
9841
9437
9915
8259
8344
8258
8758
9917
8846
9411
8165
9799
9870
9939
9347
8390
7760
8894
8277
9754
10418
8873
8916
10429
8904
9980
9866
9371
8875
9282
9329
10485
10464
9219
8803
9515
10611
8196
9370
9430
8774
8745
9441
8889
7748
8387
9974
10452
9842
9322
9347
9000
8219
8713
9912
10351
9906
9269
8798
8785
9537
9425
9903
8231
9428
10473
8260
10036
9895
9964
9385
9371
9364
9892
8771
8241
9297
10436
9387
9354
8800
10029
9409
9973
8960
10512
8076
8769
9350
9452
7807
9440
9287
9406
8289
9512
9843
9342
9711
8323
9867
10499
8723
8984
9854
