4467
4126
3447
4757
3614
4610
5129
5306
5299
5220
4123
5298
4041
4693
4722
5334
4179
5081
5251
5159
5294
5369
5348
5285
5227
5387
4761
5897
5715
5822
6375
6833
5234
5368
5976
6298
5954
5816
6903
7036
7579
6427
6947
4648
5355
6506
5999
6931
6363
6983
6975
6818
7599
6005
6366
6922
6457
7649
7135
7490
8145
8134
8245
6515
8129
8047
8606
8134
7998
8654
8120
8071
8183
8252
8756
6409
7590
8197
6945
7679
6560
8273
8534
8715
8079
6589
9151
7610
6582
6419
7679
7567
8082
7031
7633
6032
8223
7545
8735
8054
8172
8127
8727
7121
8042
8339
6584
6470
7602
7676
9328
8142
7693
8708
8244
8281
8804
8748
7032
8127
9208
8199
8803
8154
7688
8297
7696
9209
8466
8731
8845
8726
8883
8791
7651
7077
8757
8764
8235
9366
8318
8798
8752
8753
8260
8720
8808
7693
8789
8916
8928
7807
8774
8857
8890
8171
8756
8324
8288
9294
8248
7184
7612
8846
9794
9246
9912
9424
8753
9410
8375
9342
10401
8890
8927
8232
8772
8816
8811
8764
9352
9430
8989
7860
8685
8916
7804
8799
9390
8902
10485
7145
8740
9308
8370
9343
8307
10552
8358
7726
9783
9439
8944
8838
8938
9354
10523
9309
8877
8963
9334
9879
9952
8862
9776
9937
7181
9382
8842
9445
8307
9384
9577
9326
8254
9351
9392
8340
9969
10004
8218
9359
8326
9353
9458
10444
9844
8315
9333
8735
9923
10397
8361
8816
9989
9852
9309
8395
9956
8933
8814
9402
9361
8282
9349
9406
8965
8827
9485
8885
9556
9961
8920
8315
9375
9965
8828
9858
9977
9367
8911
10460
9828
10613
10008
9945
9918
9405
10046
9913
9042
10067
10012
9455
9457
9407
9013
8927
9934
10090
10023
10548
9937
8272
9331
9383
10524
8949
8260
10563
8279
9877
9942
7813
9942
8798
9479
8887
9464
9921
10461
9509
10477
9928
8944
9434
9443
9432
10689
9330
8908
9427
9896
10535
10512
9414
9834
10385
9297
8742
10518
8789
9379
8802
9436
9299
9385
8872
8303
10058
10677
9498
9415
9357
9983
9440
9979
8388
11050
10382
9324
9331
9470
8820
9998
9950
9952
11055
12076
11100
10582
9315
9308
10526
10456
9024
9987
11023
9334
8217
10444
11092
9943
9946
9850
8971
10417
11072
11593
9874
11649
10539
11075
9999
9378
10021
9471
8905
11047
9951
9399
9488
9404
9944
9038
9413
9453
9465
10433
11051
8795
11050
9961
10324
10528
10506
11010
9510
10037
11040
9493
9320
11020
9989
9417
8892
10072
11599
10523
10486
8761
11139
11014
11085
11692
8858
9947
9031
10630
9934
9927
9501
11059
10549
11060
11651
10048
9420
9432
9346
11603
10587
10549
9493
9280
11745
11121
10033
11060
10531
10520
11720
9892
9541
9367
9980
11079
9960
11048
12238
11112
11110
10069
9441
9948
11024
11095
11046
9447
10988
11535
10035
10429
10563
11594
10527
8526
10650
9994
9931
10043
11637
9999
11087
9844
8898
11070
12199
9373
11096
10485
9964
9061
9091
11656
11612
12144
11664
11093
9471
10663
11611
11136
11141
10590
11642
9074
11169
12177
10002
10631
10562
11667
11700
11756
10375
11686
11597
10545
11633
9520
10574
9467
10452
11648
11650
10165
11023
9946
10468
10591
12136
10494
11069
10423
10542
10975
10674
10586
10138
11075
10580
11661
10599
11115
10618
10557
10020
11589
10480
10481
12138
10500
11044
11576
9902
11776
10520
10482
11141
11601
12146
11176
10556
11615
10079
10555
12716
10499
11701
12053
9442
10055
11107
11695
11057
12263
11158
12778
10521
11662
12004
11067
10053
10467
10522
10594
10624
10043
11750
11678
11032
11078
8786
11686
11546
9956
10594
11128
13355
8897
11586
11651
11697
11568
11091
11169
11206
10069
10463
9940
11610
10567
9963
11034
10648
11605
11115
10609
9971
11078
12108
10498
11712
12255
11194
11719
11666
9480
11539
11026
11753
11193
12705
12192
11066
11663
11124
8984
10576
12729
10391
11826
11158
9439
12670
11542
12707
12787
11645
12607
11064
11539
11085
11490
11572
11695
11064
9937
11623
12245
10547
11126
10524
11634
12172
12135
11491
11664
11602
10531
11092
11039
11202
11525
10654
11060
10504
11038
11046
12123
11736
10113
11124
11534
11696
12238
11037
12705
10693
11595
10555
10465
13306
10567
11635
12827
11662
12604
13232
11127
12729
11690
10595
12243
12262
11764
10478
11141
10582
9956
11065
11086
12835
12834
11044
11103
10426
10515
11638
11597
12240
10077
12759
12266
11205
12695
12143
12694
11675
12062
10533
11061
12236
11655
12139
9376
12312
12221
10594
11601
10537
10651
12671
11124
11551
11612
12087
11594
11157
10605
11113
11074
11698
10989
12255
11638
11644
11682
12215
12091
11563
11619
12678
12124
12688
12188
12232
10591
11653
10528
11093
11731
12754
11049
11637
11144
11721
10986
12160
12224
11063
11150
12817
11137
10613
10651
11053
11701
11629
9504
10531
10541
11180
12234
13329
10587
10421
11634
10532
10570
11083
11026
11713
12216
11055
11120
12136
12221
12631
11136
12291
12256
12704
12194
10499
10459
11670
12235
12275
12705
12195
12885
12079
11133
10519
11637
13874
11148
11142
11684
11568
10563
10550
12178
12200
12246
13808
11625
12141
10576
10030
12176
11091
12662
10590
11132
11688
11714
11734
12743
11127
12059
12721
12116
11053
11668
11141
11250
13342
12056
12803
11093
12207
10048
11669
13906
11676
11138
12160
11538
11722
11211
12134
11693
12590
13221
11021
11162
11089
11607
12680
13386
9936
10975
11736
11740
12296
12753
12289
12797
11610
11706
12228
11762
12168
12182
11061
13301
11110
11656
11000
12188
12728
10571
10627
12154
11074
12220
11637
11804
13206
12179
12733
10986
11133
11667
11510
11099
11575
12194
11667
12736
12690
11121
12131
12164
12193
14414
12128
11693
11697
14320
13333
12730
11659
12190
12121
11633
11545
12093
13301
12762
12184
13809
13176
13369
12796
11020
10610
11662
9513
11235
11157
12722
12787
10676
12752
11647
12724
12275
12767
12745
11672
12168
11638
12238
12190
12233
12798
12714
11662
12735
12140
11596
9926
11637
13277
13843
13297
11521
12259
12178
11011
11112
13279
12223
12328
11674
13228
12768
11039
10481
11608
12141
11679
12182
12824
12264
12176
11274
11643
12656
10071
13276
12744
11685
11676
12798
11493
12241
12148
11505
11740
12218
12704
13263
11626
12170
12743
12717
12230
12234
13336
11585
11148
12683
11611
12140
13878
11652
11602
12107
12239
11215
12117
12771
10596
12208
10475
12187
12114
12648
11085
11071
13232
13280
11087
11498
12150
12220
11596
11641
11663
12215
13738
12198
10009
13195
13288
11598
12125
10035
13858
11606
13893
12664
12701
11668
13267
11525
12223
11547
12129
11116
11694
11632
12160
12283
12782
12176
13267
12118
12658
11590
12696
11607
11678
11078
11085
12777
11145
12214
11204
12643
11667
12210
12252
11231
11637
12803
12793
13255
13818
13279
11057
12719
11670
13180
13332
13302
13326
12771
12714
12565
11674
12216
13840
12687
12761
13270
12137
12677
13302
12717
13868
12712
13904
11654
12696
12718
11089
11632
12762
12649
13376
10896
11143
12124
12267
12828
11673
11115
11588
11640
13364
14313
11660
12768
13307
10493
11588
13250
12228
12704
11046
12666
12165
11606
13356
12689
10593
11608
12204
12162
13249
11110
12270
11653
12618
12207
12214
12809
11026
12287
13316
13827
11664
13827
12176
12058
11702
13780
12727
10545
11503
11697
13775
11107
12228
12672
12137
10602
13877
13239
12722
13389
12632
11677
12778
12727
12702
11157
11713
11802
12673
12798
11613
11039
12693
13805
12198
12238
12684
12207
11143
13287
11148
11717
10591
12117
11714
11672
12702
12721
11595
13309
11623
12713
13256
12143
11672
12724
13917
14464
12192
13805
12743
13299
12193
13328
13310
13278
13253
13930
11628
12713
12139
12800
11670
11623
12638
12780
13359
13296
13865
13866
12809
10659
12190
13268
12100
12278
13337
13319
11112
12163
13806
11700
13195
13261
12760
12083
11593
13278
13868
13793
13868
12767
14291
13301
14931
12705
13362
12724
11162
13820
13783
12192
13276
10469
11102
11066
13300
13780
11094
11510
14933
11651
11682
11682
11692
12680
12149
10643
12292
11554
11686
12622
12638
12740
12226
11602
11474
11681
12131
12770
12195
11757
12098
12155
13849
13260
13778
12305
12250
12197
13308
12737
12750
11634
12033
10544
12739
12815
11643
11190
13295
12125
12688
12666
12767
12751
13229
12679
14379
13306
12242
11184
13339
12192
11184
13871
12200
14422
11764
13249
10560
12733
13276
11137
13843
12185
12811
13816
13294
12286
13283
13235
13837
13781
12617
12831
11614
13211
12184
12276
11809
13332
13250
13314
12193
12833
13781
12157
12147
12826
12168
12692
13216
12179
12791
13237
11698
12735
12116
11049
11104
14866
11007
11642
11641
12772
12848
13414
13826
13821
12798
11793
13260
12627
12216
12154
11672
13278
13281
12758
12207
13247
10977
12176
12230
13245
12782
11629
14191
13823
14791
12259
12620
12144
11034
12092
12828
13256
12692
13306
11606
13337
12214
14418
12627
13792
12597
13247
13796
12813
13840
12145
12811
12142
12751
13291
13189
12838
12159
12279
11194
12745
13812
13215
13159
13282
13762
12743
11602
13269
13258
13139
12226
12162
12715
11702
12757
12257
11174
12776
13840
11609
12208
12256
13213
12276
13355
14420
13277
12190
13861
13778
13246
12746
13888
12810
13377
11674
11057
13348
12736
13255
11683
12741
11681
13198
13183
14876
12799
12136
12281
12716
12759
13229
12185
13842
13251
13265
13301
14393
12163
11606
14451
13893
12044
13252
11669
13280
12743
13363
11570
12684
14919
12781
13797
12176
14369
12717
12121
13883
11572
13249
14421
13848
11671
13298
13338
12280
13813
13348
11679
12741
11074
12251
13325
12129
13819
12562
13921
12641
14419
13819
11623
12190
13875
13874
13265
13298
11106
13369
13766
11082
12216
12806
12269
13844
12115
12160
12919
12794
13270
13723
13245
12195
13801
13296
12112
14387
13770
13257
13261
12284
13250
12723
12134
13867
12132
12770
11631
12741
11751
13224
13870
12118
12220
13822
10428
13327
14893
12795
12585
13837
12760
10991
11609
12723
12150
11590
12707
13814
13268
13243
13243
14420
14446
11684
14362
13306
13821
12157
13347
12224
11745
12774
13237
12774
13322
13301
13829
12157
12736
12186
12598
13313
14827
13345
11088
13298
12688
12626
13836
13295
11067
14463
12672
13778
14439
12751
11535
12185
14388
13366
11595
12109
13811
11115
12730
13410
12772
12728
14217
13844
13797
11034
12671
13319
13756
13309
13728
12675
13265
11118
12257
13812
13732
13236
13837
12122
11105
12068
12183
13271
13345
13214
11702
13320
12811
13295
13886
12156
12240
13275
13326
12694
13289
12780
12726
12162
13747
13829
13801
14932
13258
12290
14400
12130
13806
13253
13895
11007
13271
14370
13353
12880
13930
12705
14942
13324
13395
12237
13241
13371
13806
13342
11070
13330
12075
12734
13243
12715
11036
12728
13877
12202
13252
12150
13316
12170
14397
12721
12673
14396
11665
13864
12713
13420
11692
13344
12166
12161
11123
13317
13319
13856
14462
11034
13825
11600
12614
14416
13267
13805
12139
12268
13275
13358
13917
13363
14393
14925
14377
13808
13329
14410
12650
12780
13267
12126
14381
14407
13259
11080
11638
13810
11069
11558
12815
13796
14313
12554
13350
13794
12749
13230
14328
14406
14365
11699
14908
12694
13796
12690
12100
14336
13281
13295
12185
13347
13330
14297
13303
14902
12217
12759
13250
13959
12132
13789
14425
12757
13261
12644
13872
13283
14447
13319
13795
13188
13154
12817
13224
12744
13834
14913
13748
13839
13257
13218
12166
14430
12846
12765
11646
13227
12704
11571
14336
14402
12725
12749
13837
13850
12841
13293
11565
12749
13901
12612
11782
13332
12281
13280
13421
13934
12879
14402
12854
12259
14448
12781
13240
13250
12220
12647
13307
13309
14430
13281
13821
13841
13173
10508
12809
13265
13837
11668
13874
14426
13917
12137
13777
13753
13795
12789
11619
14454
15508
13185
13308
13776
11589
13803
14843
13251
13865
12670
12751
14435
12824
12304
12090
13312
13844
13818
13262
13298
13333
13311
14380
13252
14375
13399
14961
11600
13411
14356
14340
13280
14359
13321
13240
13245
12667
12700
13288
11677
13794
14423
14918
12843
13894
12816
13825
11104
13864
12107
12137
13871
13221
14344
13192
13756
13828
13891
12677
12666
12712
14463
12862
13251
13233
12172
12120
11673
14281
12190
13892
13236
13764
12702
12700
12733
14412
13296
13936
13353
12734
13283
12804
13827
12807
13249
13900
12715
14362
14399
14316
12751
14932
13350
13230
12844
12150
11018
12270
13141
14375
13249
13267
14313
13818
13260
13834
11737
14451
13840
14884
14804
14347
13144
14424
12855
13386
12625
11740
12124
14821
13291
13721
14309
12733
13886
12149
14387
13334
12773
15445
12301
12126
13266
13279
14403
15389
14352
12149
13797
12774
12643
13312
13240
13310
13299
12271
13176
13251
14934
12271
13894
12100
12098
12861
14343
13903
14919
14382
13313
12134
12762
14380
12650
13884
14342
15466
13758
12840
13756
13226
12737
12145
13832
12129
12184
13250
13886
12177
12786
13859
12379
12771
13237
14360
13301
13203
13334
13872
12824
14891
13814
13776
13318
14950
13261
13685
13837
12812
13256
14329
14338
12807
13384
14322
13334
12710
13773
13327
13740
13831
14312
13291
11114
14478
12836
14303
13256
14346
12666
12755
14285
13346
12716
12295
11775
13904
14336
14304
13158
13859
13191
12739
14386
14400
13234
13321
12739
13292
14900
13788
12241
15459
13804
12205
14344
13215
12651
13337
14358
12606
14904
13226
15502
13207
11619
12173
12771
13185
12642
12823
11653
13244
11641
12153
13306
13238
14932
12625
12747
12684
13859
14345
14295
13851
14854
12326
12215
15440
11239
13329
14352
12745
13309
14373
12696
12707
13272
13308
13263
14466
13851
13345
13762
12780
12774
14823
14323
14453
13828
14262
12595
14371
14403
14423
13836
14442
14871
13845
13313
13757
14331
13853
12224
12174
14456
13879
12827
12693
14279
11601
12737
14986
12731
14888
12706
12719
13891
12756
13187
14927
11655
12666
13737
13327
13354
13790
14439
13378
14373
12753
12174
13243
13892
14338
13845
14913
14309
12765
14391
13210
13836
14330
13297
13375
14341
13222
13889
13321
12146
14924
13242
12719
14878
13390
13844
12796
13232
13241
14904
13235
14859
13329
12867
13422
14956
13314
14411
13288
12074
14416
13916
14319
13796
12730
12230
13823
14919
13203
12745
13703
13320
13282
13780
13271
13350
13252
15449
13240
15492
14948
13766
14949
12796
14386
12711
13287
13315
12077
13201
12740
14403
12726
13847
14315
12276
13279
13844
12676
13802
13297
12158
11591
14302
13242
14311
13808
12781
13286
13802
10590
13812
11660
13336
13814
13840
13301
14392
14362
13772
12802
12793
13793
13287
12671
12812
12604
14402
12783
13247
14269
11113
13851
12769
12716
14328
13778
14976
13663
13858
12732
13817
13786
13866
13241
12740
14999
14360
11595
12757
11651
12157
13285
13289
13318
14325
14346
12706
11639
13846
13786
14345
12738
13879
13239
13822
13728
13725
13849
14407
12729
11641
12793
10571
13905
15450
12769
13287
14450
14337
13360
14372
13295
13842
13353
12696
12183
13739
13842
14373
13801
13199
14372
14932
14343
13680
12249
14444
13315
12726
14345
13791
13273
14336
14896
13843
13844
12218
13867
13781
13845
14353
14371
12203
13848
12679
13770
12604
13922
13308
13861
13661
14898
12199
13886
13309
13867
14933
12684
13848
13907
13831
12659
12869
13232
14869
13247
14847
13863
12224
13321
14378
14925
14330
12682
14966
12179
13290
14388
14370
12742
12745
13813
13912
14325
13244
12712
12235
12691
13372
13834
13811
11695
13301
13794
13852
12141
12651
13907
14375
13858
12750
13698
14822
12157
13254
13792
13172
13797
13251
14360
14367
12625
12701
14361
13883
12808
11599
14835
15430
14283
14277
13794
13779
13911
14896
14278
12693
12139
13847
12246
13212
12229
14902
11596
13219
15450
13251
13724
13785
14912
13864
12690
12294
13225
12684
14391
15420
14342
14928
12768
13313
15020
13820
13782
13395
11655
13251
14435
12180
14908
14954
14435
13833
14356
12718
13903
13806
13153
12218
13407
13888
11638
12692
11598
13243
13735
12628
14957
14403
11709
13274
13746
14380
14445
13293
13313
12316
14328
14363
14367
12767
13329
12740
13340
12647
14382
14323
13815
14349
12256
12613
12116
12178
12757
11557
13782
13794
13319
14943
11706
13893
14337
13813
14856
12665
13302
13231
14323
13835
14410
11669
13762
12819
14948
13817
13804
13761
14419
12267
14939
12713
13890
12128
14462
14461
12157
13366
13236
13772
13309
13848
13349
12239
13349
12731
14365
14397
13848
14803
13825
13775
14306
13892
12780
13833
13266
12632
13769
12739
12726
11581
13827
13296
12788
14890
13333
12165
11570
12682
12178
13287
13784
14918
12745
13768
12840
13874
12621
14928
13759
14446
13938
14405
14381
14303
12682
13218
13203
13268
14374
12207
12684
13833
12741
14850
13852
14945
13315
13327
13781
13823
13842
13314
13826
14274
13285
13811
13287
12245
12741
14897
12154
13946
14366
13861
15001
14438
13357
12791
15452
14900
12853
13295
12787
12728
14905
12869
13299
13164
14386
12820
13779
14439
12747
13831
13749
14396
12143
14419
13318
11626
14282
13301
14178
12743
11220
14395
13286
11610
13716
14413
13283
14391
13769
14301
14423
11586
14919
14921
13734
12121
12137
12755
12734
14939
13887
10978
14327
14977
13297
13317
13754
12080
13278
14266
13355
14937
14328
13298
13811
14321
13814
14882
13343
13775
13784
14400
13866
14316
14364
12262
14351
13411
13862
12728
14350
13834
13730
11553
13788
13306
14370
13317
13816
12736
14927
14908
12801
14324
14377
13802
13805
13823
12765
13256
14329
14292
12715
12750
14391
13959
13408
13820
12268
12878
13273
13272
14968
13302
13394
13344
13290
13870
14898
14374
12670
14282
13760
13351
11121
13791
13902
14355
13802
12764
13786
13364
11180
13249
14372
13210
13322
14392
12837
13712
14396
13261
12206
12796
13266
14324
12184
14323
12789
12785
12805
14889
14369
14399
13841
14373
13816
14358
13279
13926
12709
12661
14455
13757
12653
13759
14364
10948
13271
14934
13265
14427
12797
11997
14911
13381
13716
13299
12307
12173
13297
13825
14978
14800
13941
13268
14401
13888
14382
14940
11160
14351
14880
13806
13368
14960
15505
13777
12201
13719
13351
14910
13401
13189
13387
11619
12234
13839
12161
13798
12796
13370
12622
14855
14300
14935
14351
13219
12305
14912
13173
12176
12170
12242
14342
13275
13216
12135
13816
14375
12635
14350
13245
14893
14364
12638
13331
14325
12733
14985
14357
14905
14414
13679
14441
12652
13879
13756
14270
13874
14346
14279
12683
14369
14379
12812
12787
13308
13218
13846
13269
13190
14416
13271
13345
13220
14416
12144
14296
13277
13311
12694
11660
14844
13797
13842
14246
13824
14360
12831
12229
13319
13316
14975
13111
12155
13247
13302
14393
12173
14386
14338
14345
14944
12279
13866
10887
13230
14483
14990
14891
13220
12214
12728
14922
14973
13840
13748
14286
14839
13403
13910
13382
13325
13276
13260
12797
13800
14938
12742
13361
13250
13869
12786
13776
13227
12798
13357
13306
13254
13735
14396
13792
13850
14864
13872
14801
14973
13735
14905
14383
13817
13890
13819
13319
13314
13834
14915
12224
12616
13322
13301
12201
14969
14401
12120
13792
12661
13173
13854
13330
14982
12741
13829
14885
11086
13801
15392
14340
13826
14397
15468
14332
13296
12274
12236
13768
13116
13860
14900
12798
13246
13246
14380
14332
13896
13858
13811
14397
12712
12763
14926
13918
13788
13330
14911
13125
12223
13922
13205
13256
13241
12717
13796
13815
14808
13270
12755
13911
14859
14932
13266
13730
14416
14343
13209
14985
13960
14412
14372
14442
13256
14381
13867
12768
13879
13764
12177
13825
13209
14954
14979
12759
14875
13254
12620
13850
13792
12815
14373
13885
13804
14986
14264
14896
12814
14466
13737
14319
14897
13934
13808
13386
13894
12184
13688
14894
13751
13871
12783
12630
12744
13770
12225
14389
13318
12781
13849
13827
13803
12197
13819
13233
11674
14321
13283
13105
13852
13227
13296
13237
14306
12684
13265
13801
13764
13774
13786
12815
12713
13842
13287
13284
13791
12217
13793
13322
12106
13368
14317
14899
13235
14318
14387
13834
13765
12770
13798
13809
13836
13154
13242
12205
14286
14334
14334
13215
12761
14281
13291
12760
13168
12739
14918
14976
12149
13883
13248
13859
13282
14408
12707
14380
13906
13286
13300
13760
13844
14495
13849
13830
14281
13221
14935
13246
13309
14358
13234
13703
13224
13316
14959
14938
14835
14411
12674
12739
13793
14871
13225
12676
13736
13926
13831
12185
13837
14395
14437
13833
14511
13245
14975
13278
13263
12621
13809
12711
14359
13800
13223
14885
13395
13177
14997
14374
14281
13325
10945
11700
12127
13824
13741
14923
12152
15440
13813
13844
12733
13854
12688
14397
14408
13865
14919
14894
14335
13763
14908
14282
12817
14896
13846
12880
13750
12687
14873
13803
12207
13331
14344
13797
13276
13362
13314
13289
13819
13242
13745
14858
14441
13760
14215
14357
15528
13216
13785
14317
13174
14964
13801
13342
13297
13792
13733
13771
14942
12703
13823
13331
13188
13834
13903
13242
12688
13752
14280
13283
12591
14363
15994
13312
14967
13296
14906
12222
13191
13299
13795
14372
14398
13159
13373
12792
14338
13772
13870
13824
14352
14347
13822
14895
12699
13819
14392
13320
13280
14903
13301
14410
14284
14313
14428
13815
14322
12343
15412
13303
14914
14445
13324
14321
13269
14307
12090
15462
13264
13773
13730
12693
12730
14252
15443
15455
14923
12771
14327
14390
14325
14912
12008
12764
14318
13671
14397
12639
15485
13888
14949
13230
12185
13791
12730
14911
14406
13892
13254
14514
14876
13389
13732
14360
14371
12055
14880
13790
14985
13308
14893
14343
14449
14319
13212
14904
15448
12665
13910
14293
13755
13335
14376
13366
13288
12701
13689
12772
14412
13795
13247
13280
15008
14966
14423
13338
14441
14890
13283
13797
13232
14285
14341
13781
13791
14380
14886
12691
12771
13790
13851
13887
15505
13312
13253
15453
13748
14320
14959
13190
13867
14892
12731
13184
14881
13834
12770
13879
15441
13802
14317
12194
13276
12686
14382
13810
14407
13226
14346
12770
14932
15539
12728
13806
13765
13809
13779
13798
13290
13829
13759
13815
13848
13836
13310
13720
13783
13353
13887
12675
14281
13851
12257
13877
14409
14345
13793
14408
13859
13871
13153
14908
13719
14417
13853
12765
13272
14829
13823
11646
13857
13878
12088
13191
13750
13800
14922
13779
14394
13240
13708
13905
12724
12134
14444
13834
14829
14291
12764
12527
13247
13303
13741
14363
14343
13795
14352
13288
14263
14923
14880
14867
14454
13234
14825
13877
14834
13820
14963
13181
13721
13246
14327
14316
12738
13321
12729
13192
11720
14345
14360
13805
13203
12650
13743
14382
13742
13294
14334
14323
12575
13249
13219
14355
14908
14479
13877
14354
13922
14359
13319
13281
15506
13301
13885
13314
14353
14863
14354
15477
12766
12732
12686
13823
13254
14416
16044
13285
14892
12073
14364
13246
14405
13848
14888
14349
13777
13834
13817
14830
14272
13800
13243
13899
14887
14406
13328
14353
14342
14337
14348
15393
14302
14330
14868
14262
13716
13823
13770
13831
13922
13840
14456
14929
14411
13226
14887
14393
13768
13368
15399
13850
12287
14386
13242
14494
12740
13208
11640
13231
13884
14995
14287
12695
13867
15455
13710
13261
14984
14994
13842
14870
14903
14333
14431
14899
13305
14821
14332
14869
14342
14830
13912
13865
13845
14304
13326
14312
14858
14398
13320
14376
13855
12569
14354
12739
14881
14328
13318
12779
13779
14285
14333
14439
14919
13282
14486
14401
14919
14363
15007
14863
14423
14330
14371
14413
14948
12164
15481
12673
14904
14975
14362
15360
13232
14966
13382
14859
14396
13447
14372
14291
14417
13846
13745
13833
13237
14402
14927
12796
14330
12774
13940
14885
13895
13263
13838
14342
14951
13242
13746
14965
13148
13862
13828
13287
14258
13799
13785
13737
14461
14275
14411
14357
13821
13919
14937
15495
14327
12662
11625
13260
14390
12685
13857
13892
13760
13874
13880
14372
14321
13766
14323
14324
14871
15467
13221
13851
11561
14437
13798
14859
14968
14334
14384
14273
14383
13777
14878
13734
14894
14845
14254
13234
15419
14337
14444
13854
13777
14296
14449
12139
14392
13812
14937
14923
13756
15464
13770
13771
13735
12658
13832
13172
14327
13243
14358
14369
12740
12570
12206
14859
14891
14346
12677
13304
15377
14325
13760
14484
14459
14308
13275
13707
14419
13336
12276
14900
13790
13771
13276
13765
13342
13774
13354
14357
13739
13283
13210
13367
13278
14902
15445
14391
14358
14884
14827
13156
12134
13305
12615
13286
14414
13964
12783
14944
14937
12839
14420
13146
13736
12739
14888
14345
13251
14323
14354
14358
13317
13348
12720
11612
13814
11622
14466
13776
14473
14396
13386
13793
14369
14317
14211
14371
13229
14939
12662
14323
14404
13846
13300
14310
14373
13903
15453
15499
14921
12717
14882
13277
13841
14844
14938
12143
13810
12846
13335
14403
13174
13720
14332
13917
14322
13248
12601
13798
13287
13383
15467
13256
12192
15480
14326
14873
13807
14338
13857
14792
14961
15504
12186
12741
13743
14924
13708
13828
14411
14807
15460
13798
13328
13168
14274
12860
15411
15454
13899
12109
13215
14864
14320
11601
13916
15503
13295
13736
13258
13352
13825
15487
13230
14892
14838
14319
13340
13817
12148
13790
13193
13890
14950
12723
14304
14877
13352
14351
13848
13811
13262
14926
14425
14378
13288
13346
12742
14449
13771
14894
14255
12685
13238
13260
14756
13765
13196
14359
14403
13263
15427
12021
13855
13896
14873
14377
14517
14462
13194
14841
11602
14994
14426
13300
13724
13222
13246
14381
14408
14300
12196
13279
15464
13276
14916
14818
13283
13283
12714
14921
13263
13791
14378
14816
13902
13753
13836
14388
14872
13190
12229
14972
13794
13295
14341
13799
13792
13768
13762
14944
14916
14378
13882
12723
14393
13814
12240
14426
14932
12685
14868
14963
13877
13787
13780
13904
13841
13802
14370
14303
13790
15433
13881
15438
13357
13890
12127
15480
14299
13795
13888
14863
13332
12195
11574
14377
13312
13754
14910
14921
14876
13775
13811
13845
14260
14926
14293
13801
14390
13837
13745
15418
14409
13732
14914
14322
14916
14343
13866
15425
12713
13371
14917
14932
12693
13770
13381
13207
13874
13232
13367
14390
13779
13806
13817
15430
14907
15511
13856
14968
13795
14825
14909
14931
13822
13918
13185
12911
12703
14344
14348
13811
13778
13255
13788
13720
14433
13743
13199
13928
14427
13300
13273
14934
14952
13891
14300
14315
14875
13785
14874
14955
11561
13749
12129
14869
15393
13235
13287
12199
13186
14380
14911
13216
14337
13711
12650
14931
13762
12704
14379
13747
14868
13840
14890
15424
13780
13848
13871
14446
14468
13783
12144
14961
14252
13337
13302
15457
14891
14286
14868
14274
13771
13385
13841
13810
13793
14890
13283
14920
14322
14937
11708
14873
14464
14400
12841
12668
14297
14322
14304
14360
13939
13745
14415
13240
11631
13272
13364
13843
14940
15010
15487
13784
14330
14952
13787
14954
13282
14857
14369
13320
13790
13285
13841
14854
14905
13384
13327
13837
15443
14277
13797
14397
15969
14359
13826
15447
14381
14295
13395
13240
14385
14809
13800
14919
13735
13287
14358
14365
13799
12657
14881
13323
14399
12753
14865
14438
14405
13816
14877
13820
13840
14933
13297
14954
13878
13827
14388
14478
13754
13813
12805
12690
13758
13291
14332
13238
14895
14857
14906
13728
12226
13819
14403
14386
13785
12673
14279
14274
13253
13333
13852
14421
12654
13864
13845
13856
13183
13830
13367
13768
13855
13861
14989
13220
13811
14842
13837
14374
14867
13701
13861
13153
14384
14869
14873
14400
14364
12726
12670
13337
13793
13805
14359
13903
14286
13830
14909
14306
14333
13764
13676
13222
14942
13774
14877
15406
12687
12729
14378
12753
14898
14913
13768
14997
14401
15436
14364
13364
14466
14417
14346
13791
13815
13276
14425
13360
15373
13686
14382
12803
14375
13782
14926
14863
13890
13776
15470
13797
13804
13230
13941
13810
14826
13782
14852
13282
13835
14315
14334
12737
13732
13227
15429
13260
14849
13257
13777
14454
14321
13806
13779
13843
14353
13793
15452
13825
14362
15363
15452
14346
15461
13791
13193
12228
13265
12246
14413
13294
14367
14883
13852
13788
14274
14358
13235
12131
13949
13417
14357
13863
13818
14414
13256
14453
13326
13810
13884
14949
13854
13823
13809
13807
14360
13871
14331
14442
13254
13265
14364
14393
14879
13805
15465
13912
13746
14923
12679
13804
13798
14360
13155
13749
14342
14936
11741
14357
13778
13273
14343
13735
14910
13096
14370
13819
13791
13741
13800
14399
14923
13280
13810
14876
12097
15350
12666
13685
14376
14393
14347
15500
15423
14402
13885
13802
14972
13372
13168
13874
13311
13232
13757
13323
14888
14423
14380
13834
14320
13285
13789
13804
14954
12868
14959
13817
14412
14283
13863
14422
13849
13252
14860
14991
12697
14369
14344
14347
14899
14962
14916
14899
14334
12622
13257
14347
13792
12756
14329
14381
14387
13245
13315
14251
13781
13821
14394
13278
13244
14873
13850
13855
13827
15460
14918
13842
14293
13809
14417
14888
12172
13740
13813
13792
14310
14416
11075
14916
13206
13800
13860
13797
13838
13322
11586
14954
14957
14343
14319
14360
14307
15490
14376
14333
13208
13285
14432
13796
14354
13844
13812
13214
14347
14894
14297
14330
14450
14350
14347
14482
14908
14377
13843
13186
13365
14957
13215
15392
14393
13847
13294
12707
13826
14838
14326
13296
13798
14999
13775
14392
13837
14362
13124
14328
14903
14919
14349
15444
14361
14846
12172
14333
14907
14367
13795
13190
13877
14322
14416
13912
13835
14384
13215
15498
13293
13878
13832
14403
13274
13767
15435
13731
14939
14432
12723
14324
13781
11673
14341
14931
12738
14390
13802
13197
15460
12805
14364
14338
14893
14359
14345
14850
14837
13774
14339
14372
13190
13717
13870
13796
13287
13844
13830
13956
14954
14361
14369
14353
14921
13151
13805
12673
14870
13204
14403
14371
14379
13350
13917
13240
14301
13870
13799
13244
14375
14876
14875
14325
14879
14443
14983
14995
13892
13762
14306
13760
13262
14399
13183
14431
12680
15998
13257
13387
12598
14297
14406
14381
15409
15472
13242
14335
14869
12716
14964
13742
14887
14376
14283
14939
13264
14895
14861
13834
14917
15503
14986
15481
14826
13776
14325
14407
14405
13316
14378
13799
13781
13717
13858
14390
13268
13294
13306
12716
13236
14335
14869
13757
13788
13859
12603
14363
14847
14410
13847
15468
14929
13934
14974
13298
14270
15450
12693
12591
15432
13874
13843
15031
13772
14335
13931
13812
14337
13771
14360
14292
15474
14913
14406
13760
13250
14938
13273
13359
12687
14351
13265
14407
14344
14880
14871
15453
13774
14437
14959
14967
13862
14266
13800
14964
13278
14368
14395
13770
13762
14922
14908
14904
14493
14319
12182
13923
14943
13864
15414
13750
13875
14406
14293
12684
15469
13901
14917
14887
11653
13763
14364
13148
14386
13830
13322
14325
14338
15384
14993
14349
14327
14881
13259
14358
15469
15483
13851
12113
15428
13723
14948
13790
14458
15385
13277
13254
13871
15007
11621
14908
14323
13298
14380
15477
14383
15417
15521
14922
14298
14399
14924
13789
14321
12707
13245
14892
14342
14838
13752
13740
14385
13944
13820
13217
14389
13932
12635
14893
14373
14943
13228
15460
13838
13783
14933
13251
14936
14997
13157
14946
14903
13837
13272
15386
14959
13866
14891
13738
14334
14928
15005
13821
13789
14812
15422
12113
13846
13718
13736
14411
14848
14854
14305
13248
15422
13814
14860
15405
13743
14366
14901
13729
13813
13826
13838
14903
14369
12754
14913
13901
13232
12803
14905
13271
15546
15503
14828
14394
13209
14922
13849
13213
14891
13764
12686
14428
14940
14315
14308
14328
13863
14468
13209
13289
13849
14937
14354
15411
13774
14880
13251
13862
14307
13776
14983
13743
12114
14413
13854
14378
14905
14877
13237
14939
14403
13838
14291
13811
15479
14419
13248
14285
15410
12719
13869
14299
14428
13862
14823
13680
12136
14865
14327
14335
13828
14362
14387
13712
14373
15406
13345
14322
14378
14268
13808
13879
14372
14351
13734
13865
13898
14881
13807
12635
13284
14916
13203
14292
12070
13747
14316
15452
13778
13254
14380
13340
14356
14364
14879
14377
14382
14877
14406
13238
13341
14930
13209
13897
14338
13255
12244
13207
13315
13813
15382
14331
15423
14394
14341
14879
14934
13882
14882
14375
14226
13163
14375
14840
15438
14441
15392
15453
14399
14390
14388
14916
14994
14313
14383
14356
14959
13881
14919
14384
13341
15410
12698
14480
13275
14331
15447
12713
14874
14969
13352
14360
12729
14405
14287
15460
13793
13261
14374
12742
15409
14949
13366
13751
14871
14913
13911
13708
14334
14425
13372
14321
12640
13262
15437
13269
12198
14308
14306
13864
14346
14368
12632
13840
14932
14369
13896
13421
14387
13846
13840
13260
13837
14846
13732
14886
14395
15456
15422
14324
14919
13359
14403
15482
14310
13830
15468
14404
13798
13778
14251
13221
13791
13273
14332
13269
13829
13185
14320
14365
15424
12190
14981
12689
14342
13326
13302
12700
14337
13276
14456
14304
12682
14231
14327
13786
13366
13901
13896
13234
14356
13807
13812
14884
13244
14372
13939
13239
12672
13285
15503
15418
13902
13762
15490
13338
13279
14922
14895
13838
15487
13805
14351
13848
13196
13785
14301
15426
14862
13205
14902
14930
12137
12727
14336
14316
14315
14828
13214
14905
14940
13647
13804
13787
14400
13886
13808
13135
14914
14284
12146
12634
14327
13797
14977
13805
13806
13354
13148
14922
14317
13804
14315
13769
14455
14349
14888
14891
14323
15474
13757
14300
13870
14971
12729
14852
14300
15482
14813
14853
14850
14356
13697
14282
14880
14226
14832
14369
14279
12686
13783
14366
14820
14849
14920
14390
14218
13241
15378
13875
14365
13426
14902
14914
15519
14895
14842
14348
13631
14918
12723
13887
14870
14994
13913
14941
14358
13259
14371
12792
14887
12694
13745
15506
14364
14368
15402
13713
13849
14470
14381
14867
14248
13224
13291
13825
14396
14910
14376
12739
13162
12785
14339
14999
13834
15436
14375
13234
15418
13246
14345
14884
13811
13348
14909
14855
13144
13324
13813
14335
14337
14362
13869
14993
13766
14894
14907
14384
14971
14313
14922
13248
13169
14404
15466
14306
15476
14861
13212
14421
14367
14812
13865
12793
15485
14972
14432
14406
13828
14924
13331
14316
14414
12697
15524
12723
14882
13758
14357
13803
14795
12713
13218
12653
14414
14411
14347
14397
13840
13247
13756
14846
14323
15434
15455
13241
12688
14825
14351
14864
14309
14261
14916
14316
14402
14919
13765
13269
13862
14302
14403
14360
14945
14813
14423
13796
13856
14961
14363
14886
14894
14410
15458
15418
14395
15486
13765
13278
13767
13275
13289
14907
14342
12204
14845
13225
13228
14859
14337
14923
14902
13828
13805
14288
14921
15446
15465
14405
13770
14348
13881
14334
13724
14983
13720
16083
13116
13809
14335
11607
13294
15400
13249
13771
14289
14418
14388
13911
12740
14923
13226
15388
13209
13783
15455
13837
13776
14904
14950
13346
13833
13859
14864
13230
14956
13884
14914
14351
14899
13302
13754
14379
14373
13304
14318
14364
14360
14829
14364
13745
13813
14368
13874
14367
13808
13787
14887
13850
13869
14423
14877
14930
13782
14962
14376
13258
13901
13746
14365
14927
13791
14328
13837
15421
13786
14447
13759
14467
14282
14326
13911
14937
11553
14393
13151
14409
14864
13724
15447
13936
14364
13851
13812
13830
14420
13824
13325
13715
14339
15426
12890
14937
14382
14963
14885
14373
13237
15512
13312
13974
13834
13805
12726
14241
14833
14375
14382
14898
13791
12813
13867
14782
15448
14881
14820
12730
14878
14288
14376
13214
14360
14913
13784
13777
14838
13870
13706
13156
14929
14391
14354
12715
13343
13741
14893
14424
14892
12182
14952
15442
14828
14370
14929
14419
15438
14276
14368
14302
13276
13789
14420
14877
14351
14948
13289
14337
14336
14382
14304
14415
14979
13899
14846
14941
14840
14328
14365
14374
13858
14301
15395
13814
14859
13831
14942
14905
14844
14304
13235
12692
13267
14949
13783
12701
15404
14800
14349
14377
12796
14335
13309
15490
13201
13865
13874
13210
14859
12721
12727
14905
14290
15481
14903
14303
13786
14412
14365
15444
13832
14325
14848
14325
13721
12790
14348
13666
13276
13879
13185
13854
14382
14862
14901
14342
14923
14265
13887
14423
14378
14332
13846
13855
13280
14350
14417
14880
14973
14316
14387
14398
14339
13867
13733
13822
14327
14369
13262
14890
13880
14287
14836
14400
15501
14366
13847
13332
14352
14303
13800
14801
15413
14891
14839
14384
14387
15430
13772
13736
14230
15466
15427
14925
14901
14315
14369
14286
14308
14959
13253
14875
15421
14868
12807
15469
14381
14894
13261
14419
13322
14451
13892
15419
14845
13298
14915
12756
13142
12708
13873
14387
14321
13848
15476
15436
13811
15435
14979
14359
13801
14294
13817
14334
13236
14924
14345
14949
13917
13070
13890
15464
13845
14378
14954
13284
13178
13252
15411
15483
13844
13875
14915
14398
14299
12694
13774
15987
15497
13769
14840
15431
13254
14415
13330
13767
13222
14337
14335
14946
13274
14904
14374
14400
14888
13888
13241
14878
13898
13830
14294
15462
14915
13806
14320
14399
13339
13357
15416
14923
13837
13650
13755
14362
13221
14919
14943
14923
13786
14369
14377
15443
15372
14361
14857
15498
13811
14327
13818
13739
14918
13814
13715
15429
14970
13931
13896
14412
14332
14342
13816
14244
14347
13245
13684
14915
14355
15506
14346
14893
14881
14937
14351
12212
14248
15406
12150
14901
14385
14898
15407
14336
14910
14452
12042
14366
13302
14943
14963
14896
14937
14947
15454
14852
14858
13222
14780
15494
14979
14304
14304
14863
13183
14438
14316
13860
13817
14332
13832
13680
15567
14308
15528
14319
13853
13874
13285
14859
15379
14222
14862
14881
13709
14926
13124
14921
14382
15480
14363
13827
14366
14918
14400
14855
14965
14912
14307
14940
14939
14986
14301
14322
16037
14309
13813
13793
14282
14255
13742
15419
15391
15469
13796
14880
14393
13311
12135
13204
14877
13800
13287
14311
12817
15388
14334
12805
14860
14888
14934
13788
13238
13246
13743
13810
13880
12841
14301
14829
12698
13250
13842
14387
14472
13750
13277
14876
13810
13752
14854
13730
13779
14932
13800
14409
13348
13679
14404
12086
13841
15446
15404
13361
14874
13865
13892
14316
14923
12740
13781
14374
13833
14944
13840
13292
13209
13265
15449
14253
14861
13766
15012
14458
13318
15444
15468
14955
12004
13745
13222
14215
13199
14858
14446
14395
14346
14857
14309
13237
13902
14886
14890
15421
13761
14887
15925
13864
13813
15497
14843
14888
15399
13813
14321
14388
14896
13827
13752
13817
14897
14879
14370
14832
14865
15432
13797
13842
14927
13199
14311
13268
13862
13785
13764
13786
15492
14358
15446
14344
13847
14382
13802
13838
14278
13744
14889
14338
14335
14911
13338
13227
14987
14910
14920
14312
14375
15475
14337
14930
12728
14375
14297
15998
14383
14309
14870
13323
14288
13153
13797
12180
13282
14362
14382
13747
13722
14367
12554
14966
12792
13918
14797
13216
14324
14842
14896
14352
14357
13741
13851
14312
12679
14875
12707
14378
14260
14913
13781
14268
14399
15494
12710
14384
14334
14924
14361
14318
14356
14883
13280
13256
13194
13292
14926
13349
13243
13853
14358
14873
12694
13228
14925
12721
14436
15417
14333
13847
14323
15383
13300
14883
13136
14910
13155
13828
14407
13828
14352
14866
14966
14829
14232
15471
14370
13728
14414
12632
14887
14349
13255
13878
13801
13740
12717
14870
14833
15490
14361
14383
14847
13248
13941
14433
13864
14849
13810
14903
15395
13797
15447
14439
14229
14925
14912
13182
14864
14407
12721
14480
15480
14889
14905
14362
14454
14275
13865
13836
13805
14292
12661
13771
12701
14873
14353
15474
14403
13306
14407
13260
13735
13792
13804
13244
13781
14933
14989
14410
14874
13764
15485
13849
14850
12630
13814
14254
14398
13185
14326
14329
14938
12636
12744
12788
15530
13765
14416
14844
13899
13178
13239
14436
13802
13773
15448
14914
15462
14963
13252
14339
12088
15418
14364
14394
14298
14355
13836
15422
13309
12784
14252
14928
13222
14930
13286
15521
13193
14383
13221
13760
14334
14893
13799
15484
13284
15461
13142
13772
13817
15378
14296
13846
14894
14849
15472
13709
15397
13806
13775
14934
14400
13810
14380
13857
14429
13759
13720
14382
14953
15508
13846
14365
15411
14303
14482
13798
14366
13833
14327
14345
14471
12692
14459
14976
14391
14934
13736
14328
14367
15410
14885
13726
15505
14315
14383
13688
13841
13102
15453
14927
14882
13244
14907
15508
12708
14921
14317
14310
13771
14352
14954
13854
15468
13807
13829
13269
13244
13762
13873
16011
14406
15978
14868
15450
14928
14416
14342
15437
14376
14353
14417
13296
15453
14836
13823
13234
14404
12175
13639
13717
14856
13761
13780
14959
14415
13758
14365
15505
14908
14950
14402
14916
15443
13160
13907
14886
14961
14484
13798
14955
16034
13846
14934
13785
14944
14818
14883
14423
15437
13791
14439
15485
14329
13856
14308
13737
14395
13678
14335
14295
14372
14873
13916
15416
13867
15492
14269
13742
14945
14943
14862
14372
13780
13747
15493
14344
14252
15391
14891
14372
13850
13846
13764
12727
14385
15492
14857
13309
14952
14916
13277
14419
15406
14372
13279
14305
13808
14907
13857
15444
14414
13693
12101
12751
13698
13794
13236
13233
13883
14996
14401
14933
14866
13844
14837
14874
14959
13155
13888
14883
12818
12278
14353
13835
15438
13862
13294
14392
14315
13331
13097
14399
14429
15425
14330
14882
14290
15563
14421
13212
14271
12255
14798
14394
13281
15441
12177
14372
14306
13824
14275
14407
14306
14856
13807
14325
14922
15465
15476
13838
14349
13720
14402
15476
14854
14389
14880
14922
14899
14239
14364
15494
13858
15448
12240
14285
14334
14875
14834
13762
14901
14807
14298
14356
14944
14881
13240
14960
14332
14319
14842
14836
14392
14347
15407
14945
14363
14373
14412
15426
13742
14875
12790
13288
15424
14307
14932
14317
14337
13785
12660
14903
14852
12686
14368
15514
14301
14845
14385
14346
14227
15389
13753
14881
15478
14374
14358
14421
14944
13821
15457
14934
14314
14871
13752
13816
14305
14391
14863
14868
14909
13346
14857
14295
14297
15434
13197
14273
15528
15506
13728
14941
13289
13848
13859
13831
13805
14806
14385
14910
13848
15402
14928
14932
14885
15560
14411
12741
14270
13679
14369
14315
13787
14893
13281
15465
14881
14350
14388
14354
13841
13814
14884
15009
14330
13217
14982
15503
13265
14381
15515
14887
13748
13191
14925
13826
14890
14280
14868
15462
14368
13205
14899
13853
13238
14515
13849
14329
13833
12713
11707
13821
14383
12667
14923
13235
15509
14393
14954
14881
13848
14330
13250
16016
13859
14407
14397
13261
14932
13824
13173
14372
14882
12733
13828
13257
13186
14306
12766
13265
13872
14935
14880
14270
14914
15473
14322
13859
14368
15459
15408
14346
14917
15388
13766
14396
15425
14874
14919
13748
14378
13922
14947
14375
14331
14364
13750
15433
14364
14933
14347
14384
14882
14352
14924
12198
14416
14819
14337
13270
14417
14363
14345
14853
14320
13779
14915
13789
14413
14370
14332
13817
14286
14917
13774
14325
13266
14412
13280
13822
14479
13755
13849
14964
13873
13763
14901
15482
14368
13243
15459
15446
14845
14383
14325
13804
14377
15461
14911
13937
13845
14420
13752
14448
13847
15386
14435
13694
15423
14951
15424
13693
13194
14955
12031
14958
14343
14398
14871
13789
13807
13254
14440
13800
13814
13867
14292
14300
13856
14411
15963
14922
14369
13269
13819
12713
14911
13305
14902
13275
13790
14398
13718
14390
13805
13804
14325
14293
14907
13285
14293
12680
13242
14912
15415
14881
14883
14984
15470
15459
13798
14914
13307
13863
13764
14804
14358
14343
13285
13784
13203
14953
13799
14884
14907
13875
15391
13904
13855
14892
12741
15422
13849
15436
13696
14216
14356
14494
12174
15397
14324
14929
15462
14875
14341
15441
14944
14419
14424
15445
15410
13828
14951
15465
14928
14400
15454
13852
14360
14922
