4640
4000
5214
3600
6430
5964
6245
5886
6428
7005
5895
7517
6011
8224
7470
6521
6530
8146
6021
8243
8173
7239
8292
7140
7183
8992
8319
7681
7341
8372
8227
7796
8396
7250
9021
7888
8966
9471
10091
9532
8497
7797
8983
8899
8205
8402
8965
10092
9555
7864
7952
9983
9053
8388
8961
9536
8488
8986
9935
9385
8378
9558
8826
9960
8379
8998
10163
9021
9578
10604
9960
10045
10628
8892
9062
10052
9072
10005
8311
10696
10146
9518
9537
9577
10073
9537
8400
10095
8957
10142
8963
11708
11719
10579
10574
10178
10147
9533
11185
10628
11198
10590
10528
10129
9599
8371
11232
11196
10636
10676
10698
11612
10153
11146
11698
10087
10658
10016
9488
9448
9626
9437
10085
10028
10071
10600
10523
11763
8995
10728
10639
11882
11136
7854
10037
11194
10520
9502
11749
11220
11725
10636
11093
11184
10713
11784
11682
10647
11806
11122
11084
12235
11848
12213
10611
11190
10645
9066
11777
11192
13300
11689
12237
11766
10590
11097
12805
11654
11699
11187
13357
10733
11605
11167
11643
12280
12798
11280
12298
10019
12817
11042
11150
13280
12181
12816
11650
9517
11738
12892
11809
11102
12665
11252
11764
12215
12738
11183
12818
12816
12157
11661
10110
12297
11270
13327
11757
10595
13922
11612
13342
12286
12842
11749
11575
10162
11208
12179
11257
12813
10577
12729
11713
12226
11748
11063
12898
12797
10058
10637
11563
12186
13348
11106
13355
12802
11677
12678
12208
12865
12255
12815
11106
11121
12183
12919
12299
13356
10096
13214
11662
13949
12259
10561
12207
10125
11074
11753
12207
12759
11724
12260
11705
11744
11113
11666
12277
11647
12754
11714
11133
12702
11688
12246
10568
12730
13271
13391
11675
11699
11180
10158
12734
10088
12783
11162
12301
12200
13407
13337
12748
10598
12658
13304
11647
12752
10634
12861
11643
12222
11655
11754
12312
10474
13321
13773
11085
13242
13326
10787
12804
11129
12779
11096
13222
12229
12773
12214
12747
12246
11186
12682
13307
11681
12226
13297
12322
14304
12090
11200
11709
11255
13775
12184
13372
13768
11075
13380
13270
12096
12309
12622
12282
14431
12761
11128
13765
13347
12291
13311
13852
11646
13447
13263
12235
13912
13272
12114
13869
11603
12784
13343
12111
14516
13271
13816
12348
13421
12271
12736
12848
13269
10714
11547
13861
11128
13309
10715
12738
12191
12242
13922
12660
12769
12642
13341
12770
11676
12760
13283
12920
12245
11643
12267
12963
12741
13358
13224
11681
12744
12792
12285
11255
13266
13831
14912
13973
12201
13278
11719
12193
12176
12792
11667
12288
13365
12276
12286
12273
12767
11218
13257
11754
11631
12202
13291
12220
12773
12764
12233
12191
13373
11679
12289
11682
13917
11194
13827
13831
12839
13811
13847
12302
13337
12155
15459
13268
12736
14404
13275
11638
14452
12206
12223
13263
13907
12731
12764
14401
14980
13268
13279
12775
13380
12707
12678
12802
13242
12826
13295
13830
13925
13837
12730
13308
14359
13941
13861
12717
13270
14370
13365
13339
13908
12684
14396
13367
13965
12875
12675
14343
11662
13330
13307
11639
12191
14468
13280
11038
13273
14357
14407
14975
14462
13802
11659
12810
15020
14949
13707
12787
12248
13359
13266
12736
13922
14410
12780
12201
13267
12221
12759
12766
13859
13251
13364
12301
13331
14892
13863
13766
12600
13323
13318
12727
13866
12809
12816
13408
13206
11645
13339
11119
13222
14449
13834
12754
13341
13736
13738
13252
12724
13842
13833
14468
12299
12753
12779
12256
13282
12774
12793
14463
12749
13435
14488
15541
13268
12765
11703
14425
13221
13278
12730
14944
13318
13358
13320
13884
11317
11618
11583
12855
12240
14393
14298
13921
13898
13908
15022
12827
13313
13305
12734
13249
12862
12861
13334
14841
12162
14400
14975
13346
12748
13794
13953
15003
13891
12661
12706
13309
14916
13316
14991
14468
14968
12762
12159
14945
14324
11170
13869
15020
13809
13298
14421
14457
11064
13901
13371
12209
14380
13971
13715
12890
11112
13742
13849
14452
13344
13882
14947
13921
13896
14459
13341
13871
14366
13728
12807
13259
12801
14390
14401
13892
14841
15452
12215
13895
12821
14466
12763
12707
13352
12667
12702
14847
12211
13242
13309
15487
13836
13858
12216
13740
12752
14413
12699
13814
12139
14879
14368
13285
14329
13719
13787
14427
14953
14446
14339
14418
14442
13314
12167
12903
14410
14436
14977
14407
13444
15577
13211
14366
14921
13902
12791
12782
12755
13924
13291
15042
13897
11604
13303
14833
13292
13287
14365
15504
14371
12548
13281
14373
12136
14985
14409
12825
12681
14906
14910
13883
13812
13830
13776
12787
12752
14994
13837
12782
14262
14421
14378
13786
12798
13892
14382
14809
12236
13785
13819
13363
13239
12868
13210
13384
12825
12144
13949
14465
13377
13852
14451
12764
12662
14342
13249
13348
14428
15024
14906
14892
13843
13281
14898
13816
13838
12204
13384
14348
15472
13918
14320
12726
13298
13243
12782
14443
12767
14460
13780
13947
13842
13322
13898
13364
15489
13307
13781
12820
14348
12201
11269
14424
13856
12848
12693
14893
15476
13767
15604
14974
13329
13303
13880
14399
14437
14409
13319
12751
13898
13220
13200
14429
14970
13447
13877
13869
14400
13295
13370
13217
12628
12680
14372
14388
13926
14347
13859
13239
13298
13903
13871
12344
14406
14386
13214
13811
14864
13241
13777
12651
13276
14336
13778
13857
13841
13231
14347
14455
13866
12855
14400
13868
13844
13254
14898
13904
14887
13242
14898
13899
13812
14939
15446
12720
13743
15345
12773
13808
12132
13809
14465
13229
13275
13282
12633
15536
12818
14970
13332
14910
13899
14966
12166
13377
12780
13773
12741
13834
13758
13831
11716
13767
14351
14925
14879
14355
12194
14938
14323
13312
13901
12721
12150
14371
13886
13290
14412
14349
12687
14948
13832
13297
13864
14325
14952
13330
14402
14366
14355
14870
12102
12739
14936
14360
14393
14395
14366
13780
13270
14965
14952
13837
12724
15419
13204
13905
14417
13275
14363
15016
14342
13378
14870
14476
13818
13283
11164
13870
14425
13848
14412
13790
14438
13234
14469
14505
13196
14412
14901
13310
12799
14387
13877
13755
12663
12717
14939
14356
13853
14425
13866
13954
14400
14953
12622
14524
14933
14389
13241
12800
14469
14892
13855
15547
14380
13464
13790
14386
13817
13213
14394
14427
13857
13783
13837
14392
14377
13376
14346
14357
13805
13260
14435
12769
13885
14379
14357
14441
12830
15492
13334
12734
13317
14928
14865
13800
13842
13293
14474
14865
13249
13232
14396
14982
13783
13787
13833
14961
13792
13384
13939
13212
13770
13877
14982
14353
13340
13291
14949
13973
14405
15501
14835
13352
13336
14838
13292
14402
14455
14400
13885
13838
12219
14888
13796
14299
14385
13860
13301
13308
13225
12669
14876
14975
14355
14904
14875
13884
13276
13727
14455
14369
13831
14891
14405
13274
14945
13894
14345
12767
13981
13818
14378
14902
12726
13281
14904
14961
14934
13324
14404
12805
13305
13800
13805
14370
14446
13833
12300
14321
13833
14963
14952
12746
15467
13782
14396
14836
15480
14315
14888
13826
13775
13800
15433
14374
13373
15036
15451
13251
14341
14499
14409
13834
13790
12147
13874
13317
13195
14865
13323
13311
13846
14371
15542
14382
14918
13243
11070
14348
14331
12736
14322
14394
14965
13260
14434
13191
14891
13271
13259
14427
15456
14276
13767
14448
15487
14269
12229
13295
13255
13771
13836
14317
15504
15555
14803
14340
14393
13748
14854
13820
14875
14371
16075
13340
14958
12740
13839
13829
13316
14363
12706
13328
13270
13801
14959
14411
13742
13347
12743
14415
14926
13769
14375
15512
13771
13775
12778
13285
12200
13838
14918
14386
14916
14817
13908
13280
13266
14928
13868
13917
13925
14383
13180
13786
13818
14835
14851
15462
12711
13264
14378
11755
13811
14851
14443
12699
15444
14428
14368
14930
13804
12707
14387
14435
12248
13319
15439
14881
14436
15469
14881
13290
15443
13239
14984
13911
14929
14382
14880
12693
13839
13932
12753
13867
13310
15458
13256
14372
13306
13333
13712
14972
14890
14392
14373
14251
13874
13838
12809
15465
12223
14313
13816
14903
14362
14361
14886
15560
14406
13363
14879
13861
13177
14335
14941
14877
14986
14971
13260
13781
14985
14935
14373
14401
14328
13745
13774
12666
15033
14353
14341
13925
14961
12687
14392
14299
14384
13229
14359
13846
13892
14411
12704
13902
13253
15033
14329
14367
13875
13376
14930
14922
14348
14985
13822
14905
13834
12686
13262
14343
13360
13246
13853
15510
13177
13874
14302
13828
13830
14351
12647
13754
13409
14939
13807
13124
14343
13924
15404
15475
14989
14858
13812
12796
14884
12869
14386
13241
13861
13785
14371
14999
15065
13241
14926
13413
13221
14435
14346
12727
14990
14964
14851
14444
13878
13745
13324
15421
15493
14402
13771
13901
13815
14979
14416
14329
13865
13848
14896
13847
13367
13224
13240
14391
14909
14315
13780
14331
13767
15507
13207
14927
14307
12740
13879
15456
14365
13823
14366
13245
13742
13896
14326
13779
15546
14330
12644
14309
13189
15450
13259
14403
13254
14831
14360
14441
14364
14904
13283
14935
12298
14878
14965
14382
13769
15416
15465
14381
14446
14905
14894
15375
15385
14444
14996
13810
13928
13298
14934
14266
13812
12200
15002
12229
14906
14937
13775
13852
15487
14906
11648
14407
14405
13808
13790
14348
13197
12845
13794
13273
13364
13771
14834
14914
13300
14900
14456
11647
14411
14372
15571
13220
13357
13786
12189
15526
15480
