2956
5183
4136
4160
4756
6873
6468
5773
6542
7055
7067
6966
6397
7129
7018
8184
8054
8678
7073
7790
8257
8785
8781
8195
8873
8321
7273
9213
8981
7894
8902
8970
9018
8419
9053
7787
8826
8307
8348
7810
8836
9509
9490
8374
10109
8480
8519
9587
8490
8338
9586
9568
8976
9654
10105
8490
9522
8389
9005
7835
9636
9404
8564
9029
9377
8281
9446
9430
9559
7547
10041
9531
9052
8359
9011
9482
8957
8342
9575
9048
8979
9997
9500
8425
10019
10105
10555
10106
9009
9475
9030
10726
10621
9602
9493
10160
11752
10748
8976
11141
10123
10063
10751
10584
10019
10687
10073
9632
10663
11072
10122
10504
12810
10120
10583
10592
10729
11842
9056
10191
12127
9377
11788
10058
12244
11108
11667
9475
11173
10636
11750
12319
9537
11116
10692
10638
11130
11157
11762
10070
9605
11250
10588
10653
10774
11127
9266
10671
11821
11316
10605
9421
11635
11650
11794
10639
11239
11804
10598
10743
10626
10654
11786
11774
10672
11712
11634
12857
10742
10127
12286
11745
11218
11243
11252
10641
12280
12368
10197
10592
12356
11225
11223
11158
10663
11673
13430
11755
12321
11758
12261
11697
13968
10141
11210
13446
12214
12815
11797
12820
11174
13249
12392
12184
10689
12379
12849
10488
11214
11779
11165
11057
11707
11736
12256
11801
12364
13377
12253
11170
13354
12845
12850
11135
12827
12875
12212
12171
13228
11226
12293
12864
12818
10734
12341
11689
11747
13281
12215
12365
12255
12297
12772
11703
13342
12303
12435
12204
11747
13392
13916
12276
13373
11674
11623
12195
11753
12245
12247
12299
11155
12770
12253
11820
12327
13415
12900
13299
12839
12324
13263
12861
12860
14399
13289
12744
12231
11622
13948
12233
12241
12287
13352
11762
11232
12834
12766
11718
12844
12854
13378
12857
12257
11244
12785
13886
12811
12800
13267
12908
12844
12825
12247
12940
13305
12773
12816
10657
12720
13369
13312
13892
12255
12242
13280
12968
10560
11730
12813
12266
11666
12078
11262
12805
13887
11323
12255
13304
12289
12787
11775
13877
12371
13901
13403
14480
13291
14353
14457
12833
11718
12272
12894
12851
12852
12820
12813
13421
11185
12309
12863
14465
11737
13879
12835
13248
13363
12864
13316
13304
12754
12838
12883
12714
13843
12195
13194
11753
12627
12748
13328
11780
12635
13299
12227
12188
13909
13372
13278
12340
12301
13347
12792
13950
13927
12347
11679
11701
11721
12762
12851
12786
13252
13947
14015
12273
13382
14494
11677
12854
13932
13926
13881
12279
12815
11923
13305
11197
14978
13892
13346
12786
14408
13438
12808
11696
13389
13253
13828
13298
13866
12843
13928
13860
13888
13970
12746
13860
13887
12846
13840
13915
13925
13286
14555
12808
13279
12708
13874
12785
13329
13823
12863
11721
14496
13926
13838
13344
13823
12209
12870
14351
13863
14494
12787
13221
13914
13867
12277
14469
13403
12684
12730
12721
13930
13311
12294
13309
13904
12771
12117
12650
11668
13898
13348
13906
12801
12892
13770
12733
13388
13847
12779
12830
14459
13810
12345
14323
14515
12132
11673
12250
13843
13328
13321
14326
13328
14411
12706
14950
12771
13949
13802
14904
13953
15052
14432
14954
12767
14423
11669
13844
12202
12826
14408
12804
12802
11767
13881
12238
14413
14525
13919
12729
15558
13400
14433
13398
14872
13356
12248
12775
14432
13429
13276
12702
13977
14371
11610
13314
13247
12260
13795
13343
13926
14932
14468
13255
13829
13903
13995
14941
11729
13929
13864
12762
14453
12801
14471
13871
15409
14402
13282
12136
13903
14498
13902
13940
12800
13365
12751
13971
15488
12647
13962
14907
14452
12182
13807
14945
13903
13814
12219
13356
14958
14349
13928
12786
13297
14948
14442
12603
13881
13332
14950
14932
12711
11749
14348
12720
14375
12823
13332
13905
14350
12806
13303
13893
14411
12868
12724
14480
14468
14492
13863
12234
13980
14940
13816
14381
12281
14392
13735
13895
13904
13367
15426
13356
13909
12735
13908
13884
12174
13917
11244
12825
14454
14980
13912
15544
13855
13258
14954
14507
12108
13837
13405
14951
14502
14946
13267
13878
13840
13369
14370
12736
14383
14954
12760
14906
13254
13926
13363
14448
13856
13342
12775
12236
13302
13911
14425
13245
14475
13838
14442
15558
14341
15502
13811
12738
13295
13952
13875
13288
14459
13848
13870
13321
13884
10048
13852
14377
13914
13333
13244
15529
13309
14396
13382
14425
13356
13331
13256
13956
14938
13916
15483
12766
12837
14915
14482
13901
13354
13826
13403
14349
13879
14427
14382
14404
14442
15536
15001
13309
14870
12155
13297
15469
14959
13864
15556
14413
12776
13373
15036
13911
12730
13808
13806
13281
13177
14409
12277
13928
14942
14392
13852
14397
13337
13303
13839
14455
14415
12761
12817
14384
14953
14926
13219
13873
15011
13412
14362
12151
14466
13342
14371
14444
15010
11729
11774
13936
12799
13256
13379
13822
14922
12813
13857
13858
13348
13799
14389
13925
13319
14892
14390
12822
13680
14016
14430
15000
14541
13802
14424
14415
15487
14918
13846
13817
15570
13296
13871
13282
13766
13889
14423
12867
13355
14370
14282
13359
15996
13894
13187
13866
14955
13298
13271
16068
15070
13276
14931
13249
14365
13937
13337
13851
13895
13818
15526
13971
14420
14371
14842
14424
12712
13824
13790
13851
14909
14954
15509
14349
15477
14895
11787
13347
15538
13879
14409
12239
13253
15429
13900
14904
12263
13821
13954
16078
13866
12730
14466
13293
15491
12187
13805
13761
14415
14463
14404
15528
14418
13797
13880
14403
13327
14352
13900
13760
13955
14967
13873
13777
13780
13840
13258
13930
14393
14837
13307
14929
14387
13435
14382
14479
13408
13838
13805
13211
14419
13201
14967
14932
12801
12807
13241
14426
15503
12710
14971
14908
14975
14291
14433
15504
14348
15516
15515
13955
14405
16049
14878
13344
14361
14405
13270
12796
15979
12687
14929
13930
14932
14407
12804
12258
12890
13925
14389
12239
14942
13809
13354
14897
13191
15509
14419
13852
13313
14297
15456
13841
14369
13299
13878
13299
13861
13823
13896
14946
13402
15498
13774
13809
13221
14338
13270
14421
13375
14924
13821
12788
13924
14988
13874
13335
12345
14361
13393
13284
14367
14422
14947
14999
13982
14374
14914
14351
15478
13765
14390
13911
15520
13840
15985
13331
13357
15451
15464
14326
14388
12866
13787
15472
13735
12749
14417
13792
15482
14414
14949
14884
14415
14417
15497
14943
13770
15517
15005
14321
13902
13354
14993
12679
13848
13800
13327
13886
14994
14944
13384
14445
14360
14969
14459
16029
14429
13836
14946
15482
12831
13864
12760
14840
12669
14441
13889
12125
13339
15524
14371
14962
13359
15489
13841
14389
14905
14350
14983
13304
13938
15513
13859
14902
14426
13815
13861
14375
13266
13794
13858
14349
14959
13837
13276
13952
13871
13422
15499
13895
13888
14903
13293
13348
13277
14426
13396
14860
13762
14420
14914
13289
13737
14892
12738
14447
13883
14446
14930
15499
14435
14925
14455
13917
14866
15011
13331
14818
12136
12205
14932
11294
12838
14496
13353
13316
14957
14404
13849
14431
14962
14326
14384
13247
13849
14354
13845
15469
14938
14933
13256
12825
13320
14460
16005
14393
14918
11700
13967
12657
15415
14916
15013
13877
13834
13767
15496
13425
13893
15008
12682
14898
15516
14927
14998
14351
12149
13787
12577
14946
14914
13919
15485
14912
14884
12176
13875
12791
13277
14826
13839
14278
14873
14428
13260
13230
13849
14926
13917
13235
14457
13838
13854
13803
14941
13843
15443
14325
13281
14281
14308
13957
13302
13882
14381
13840
14393
14973
14935
13811
14305
13815
14956
14976
16098
13831
14348
14292
13392
13822
14360
14331
13846
13767
14893
14931
13794
13918
14321
15445
13908
14290
12230
12692
13218
14354
14845
13922
14425
13350
14390
14349
14461
13234
14955
13276
11642
13365
13894
14337
13916
15491
15511
14827
13259
14923
11123
13857
15065
13882
14973
13959
13303
13303
13344
13827
14438
14905
15007
14324
14970
13204
15016
13234
13332
14394
14870
14352
14385
14956
14820
13831
12784
13856
15468
15404
14400
15014
14915
12623
12834
14339
13768
13890
14488
13381
13771
13279
13329
15021
13877
13882
14389
13221
14900
13878
15434
14965
15516
12699
13858
14407
12216
14973
14378
14325
14951
14374
12247
14901
14977
15444
15451
14396
14277
14431
14887
13294
13845
14438
14890
13272
14812
13860
13853
13846
14819
12801
15462
14871
13826
14989
13402
13892
14330
13831
13867
14978
14402
12105
15465
14338
13803
13338
13310
14330
14851
13348
14416
15504
14932
13235
12242
14365
13775
14889
13309
13810
13424
14369
15554
14378
13758
14447
13871
14870
15564
13807
13757
15021
13771
13226
14425
16062
14907
14854
14438
13246
14949
14370
14997
14876
14908
14974
13307
14268
14993
15025
14407
12687
12791
13338
14959
14332
14425
15455
14374
14954
13894
13775
14290
14971
15027
12701
14996
14325
12823
15518
14899
13330
13304
15516
14396
14907
14389
13789
14352
12781
14934
14934
13322
14867
12720
14976
14850
14909
13875
13825
13810
15530
15461
15536
14406
13864
14966
15535
14938
15467
14892
14424
13821
12661
14920
15038
16032
14446
16050
14328
13935
13353
15492
15438
14973
14961
12796
16007
12798
13308
15560
14421
14455
14903
14862
14945
13774
14352
14423
14397
13279
12686
14408
14258
15482
12700
14393
14396
14854
13813
15483
13723
15963
14336
13777
12746
15566
13796
14370
16041
14337
14263
15443
14414
13240
15005
14909
12800
14909
13362
14406
16582
