4561
4667
4185
5261
4652
6230
7402
7470
7051
6945
6611
7691
5371
8095
7137
6400
7076
6521
7129
5959
7701
7260
8261
7636
8264
7714
7799
8414
8786
7713
8333
9963
8173
9508
8356
8409
8414
10058
8967
8388
7960
8910
7828
8422
9534
8995
9450
9698
8484
8352
8531
10122
7772
9437
8934
9062
8427
10084
8931
10101
9025
10092
9504
10031
8901
10681
8976
8419
10085
10526
8406
8399
9441
10586
9415
9589
7843
10065
8365
11007
10032
10059
10038
10715
9576
8401
10083
10004
10018
9607
10390
9447
9527
9503
10185
8880
8938
10067
9596
10633
10025
10513
10074
9979
10475
11146
10042
9552
9547
10577
10010
8954
11095
11719
10021
9541
8893
9979
12142
10117
10043
10105
10059
8916
10398
9466
11045
8844
8308
10072
8937
10530
10532
9033
10542
9450
10543
8886
8850
10643
9543
10031
9363
9483
10518
11062
10577
11543
10492
8297
9427
8999
10092
8894
11107
10610
10439
9467
11097
8472
9439
9474
9016
10079
11685
9499
9985
11052
9306
10011
10071
9429
11051
10001
9945
9908
8915
10530
9917
9539
11071
9947
9470
9884
10558
9403
9904
8873
8931
9469
8859
10565
9906
10436
9492
9348
8296
9300
8295
8867
8789
8780
8854
8742
7675
8273
8799
8220
8899
9440
8328
9538
8291
9874
9379
8822
10050
7806
9310
8817
9408
7808
8361
9353
9448
9949
8843
9433
7864
8331
8848
8759
8920
9417
9398
7276
8333
8770
9899
7754
7832
8390
7711
7746
10012
9408
9002
8805
8947
9368
7786
9371
8346
8190
8249
9316
9339
9430
9403
8788
8832
8787
9403
9399
9375
8369
9833
9362
8738
7758
8264
8817
8831
8790
8278
8775
10462
8852
8186
8288
9898
8249
8309
9336
9366
9251
9352
8767
8258
8709
8827
9318
9332
8123
8835
9388
9357
8896
8817
8108
9823
9827
9327
10287
9270
8224
9178
9784
10405
8281
7631
8825
7551
8257
8729
8221
9918
8229
8261
8194
8163
9284
8122
9287
10543
9315
8758
8663
8781
9347
8772
8193
9370
8677
8233
8246
8206
8659
7674
7506
8637
8099
7635
7610
9942
8177
8844
9332
9843
9280
9349
8692
7583
9227
8166
8143
9253
9329
8714
9312
8729
8170
7069
8722
7570
8702
7031
8274
8194
8696
9805
8148
8779
8112
8141
8175
8185
7054
7467
7041
6999
6622
7601
7669
7470
8764
7561
8810
7652
7568
7613
7713
7689
7575
7107
7058
7185
8250
8786
7662
6981
7138
5959
7620
7622
7627
7040
6493
7057
7511
7159
6493
5420
7650
7165
7586
8160
7683
7055
7043
6957
5398
8730
6903
7648
8128
6914
7649
7002
6499
6481
7635
7143
7756
5957
7529
6471
7629
8750
7625
7618
7111
7004
7105
7646
7753
6943
6540
6947
7649
5959
7038
5800
6884
8104
7111
5955
7512
7114
6989
7655
7464
5955
7003
6490
7003
7494
7572
6494
7656
7045
7568
6958
7087
6418
7015
6517
6452
6981
7001
6329
8226
7567
8054
5894
7590
7635
7125
7631
7573
7031
6589
6494
7035
5823
5806
5791
7055
5781
7115
7469
7666
7059
5262
7088
7074
6518
7569
5933
7553
6448
6473
8224
6326
7469
7504
7440
6522
6789
7058
7019
7001
6509
7590
6560
6937
6483
7034
6605
6359
5834
7513
5234
6353
6988
6441
8078
6949
6528
7631
7588
7025
6971
6384
8098
6361
6941
6895
7551
7022
6479
5735
5848
6919
5888
5882
6438
5786
6386
5235
4176
5313
6388
6454
7043
7585
7510
6993
7002
6453
6441
6421
5903
5794
5890
7059
7082
5213
6433
5330
6874
5890
6437
5185
5831
5821
6322
6486
6387
5866
6331
4747
6423
6285
6397
6406
5796
5303
6484
5957
5923
6461
4173
5250
7025
4669
5852
5235
6482
6953
5224
6295
5842
5299
5767
5833
5804
6951
4600
5899
6397
5232
5987
5309
7024
5254
5920
5175
5700
5845
5799
5940
5234
5908
5137
6441
5782
5316
4690
5313
6985
5268
5826
5249
4688
5895
4728
5786
5892
5835
5817
6437
6362
5878
5861
5251
5801
5817
6343
5759
5369
5926
5356
5772
4697
4766
5816
5856
5916
4595
6343
6302
7047
6432
5302
5232
4716
5283
5229
4728
5901
5214
4687
5958
5201
5921
4799
6411
4674
5805
4056
4270
5347
6481
5307
4771
4264
5382
5866
5797
3736
5284
4744
4125
5683
4735
5904
4808
5896
5238
4186
6409
6405
5812
5882
4790
5690
5304
5742
6253
5320
5815
5732
5890
5251
6361
5852
6400
5222
6808
6445
5236
6333
5924
5858
6998
6981
4599
5972
4200
5307
4775
5312
5876
4804
4116
4181
4863
4690
4745
5305
5164
5256
5269
5835
4791
4700
4187
5324
5789
5726
6912
5290
4090
5237
6988
3151
5382
5727
4674
5327
4712
4781
5748
5195
5283
5265
5333
4758
4680
5328
4609
4196
5780
4770
5178
5261
5682
4765
5963
6469
5380
4766
5273
4783
5787
6927
5812
5226
7006
4160
5161
4141
5155
5911
5772
4808
5722
5265
6383
5827
5183
5795
6357
6407
5383
5267
5199
4709
5762
2978
5273
6356
5303
4048
5252
5280
4220
4639
4686
6360
4757
5226
4674
4695
5920
4054
2977
4716
4042
5282
4098
7496
5261
3533
5766
5843
5358
5969
5888
5290
5325
4551
5365
4730
4107
5814
4106
4606
4756
4663
5755
4695
6883
5311
4579
4207
5882
4150
4673
3490
4657
4668
3944
5764
4683
5830
4053
6268
4136
4632
5673
4073
5770
5294
5762
2912
5170
4608
4679
5329
4037
4659
5216
4694
3491
5071
4089
5215
4534
4149
2917
4656
4662
4731
4648
4055
3513
4793
4157
5837
5377
4108
4828
4658
5742
4035
4020
4690
5228
4783
5254
2990
4198
5280
4100
5725
4629
4699
6340
4079
5300
4039
5255
4699
6450
1641
4644
4061
4234
5222
5362
4752
4719
4652
4095
5232
5194
4066
4676
4674
4650
5843
5182
5257
3951
4571
4568
4717
4718
5269
3567
5266
5288
4080
5766
5195
4124
4168
4679
4742
3613
4762
5281
4716
4608
5286
4813
4116
4684
5233
5736
4171
4153
4791
5309
4176
6418
5194
5823
5673
3550
4164
4245
3428
4666
5226
3442
4122
3483
4140
4137
4654
5114
3004
5226
5252
4167
4160
3482
4143
4730
5335
5234
4785
2440
2958
4667
5289
4171
5842
3457
4733
3608
3496
4030
3524
4049
2541
5262
1847
5359
4740
4765
3053
4707
4719
5171
4750
4160
3532
3465
2992
4251
4142
4807
4209
3644
3030
4140
4745
5142
3612
4647
4755
6396
5843
3463
5162
4115
4118
4126
3514
4041
3596
3480
4058
3594
4101
4722
4044
4714
5293
4293
4104
5231
4757
4052
4787
4160
2950
6288
5290
5862
4018
4671
4029
4725
4149
3531
4167
4127
4077
2315
3418
4682
4032
4143
3645
4182
5192
5246
4643
5213
3527
4236
4593
4038
4689
5133
3481
4565
3489
5890
4646
4030
5852
5287
4784
5809
5334
4136
4153
4087
3566
5368
4108
4711
2939
5202
5218
4686
5831
4669
4091
4582
5808
5815
3146
4655
4714
5264
4113
4739
5219
6475
4738
2374
5792
4276
2966
5195
4693
5849
4678
4684
4626
4142
4664
5272
4133
4652
4637
4760
4631
5294
4732
3549
3605
4658
4138
4094
2446
4621
4648
4729
4661
5374
4035
4669
3548
4145
4646
4588
4084
4711
4158
5165
4682
4841
4800
4817
4769
5774
4643
4043
4012
4827
4188
3548
5312
5317
5240
3533
4200
3511
3395
3509
3407
3565
3601
4573
2453
5876
4656
4107
3605
5280
4736
5763
3431
5840
4180
5269
2408
4771
4130
5862
4615
5877
4165
2921
4150
5204
4769
5237
4190
3608
4656
4762
5307
5344
4667
4730
4217
5844
4074
4057
5758
5355
5248
4554
3010
3090
3566
4135
4122
4753
4170
5866
3030
3681
5255
5250
2951
4678
5182
3003
5727
4222
4652
4118
4101
4689
5320
4722
5375
6478
5328
4074
4106
4674
4630
4619
4590
4683
4678
3112
5232
4130
3962
4202
3101
5251
4152
4190
4831
4778
4767
4107
4694
3521
4200
4175
2932
5145
4747
4174
4710
4050
5201
4179
4521
5187
4109
4786
3523
5775
4761
4617
3501
4719
4684
5235
4604
3535
5250
4115
3622
4707
3573
5247
3456
3976
3053
4235
3937
5844
5230
3459
2748
4198
4726
4794
4185
4009
1630
4674
4165
5829
2360
4036
3489
4587
4682
3485
5282
4624
4155
3524
3521
4105
2303
2894
4690
3678
4751
1797
5419
5224
4690
4084
4180
3078
4193
4110
4703
4568
3411
5821
4660
5245
4037
4043
2501
4716
3019
3494
5196
4116
2871
3597
5141
4224
5189
3483
4186
4087
4755
4090
4628
2975
3504
4542
4222
3676
4066
5764
3980
4134
4170
4704
4105
4814
5304
4106
4739
3508
4696
5843
4082
3473
4073
4163
5177
4694
4670
4563
4198
4625
4698
3495
5267
3906
4626
3594
4182
4138
3974
5200
5202
3007
4040
3532
4175
4165
4714
4526
5303
4672
4152
5212
4701
3490
5088
4245
3547
2862
3001
4729
4156
5341
5284
4630
5312
4662
4758
6317
4258
2933
4007
3013
3152
1931
2471
5330
4654
3552
3616
3024
4789
5260
2393
4732
3548
3485
2380
4112
5124
4024
4093
3127
4786
5796
4075
5795
6463
4067
4700
2932
