3991
4722
4645
5321
4752
5397
6385
6978
5417
6395
7078
6900
6521
7092
7114
5837
7730
6500
7046
8163
7093
8888
7254
7710
7675
8910
8323
8985
9397
7683
9420
8417
7308
8972
8989
9365
8327
8859
8388
8037
8958
7357
9517
8905
7910
8368
8936
10597
7109
9010
9512
8947
8506
9493
8433
8979
9006
7795
8980
8289
8404
8309
8464
9561
8959
9337
8824
9544
9560
8478
9523
8388
10140
8408
9987
8827
7901
8887
8940
10178
9015
8989
8904
9933
10156
9584
8787
9013
10034
8977
9486
8929
7927
10569
9581
10049
10020
11095
9431
10149
11142
10152
10158
10522
9994
10139
10989
9967
8980
10599
10509
10575
11705
11212
10022
11171
10577
10577
10097
10009
10083
11152
10088
10589
10546
11743
10206
10578
10065
11106
11734
10521
10014
11653
9586
11126
11078
11277
10596
10527
11144
11027
12284
11805
10533
12316
10593
9604
11698
10651
10581
9647
10087
11782
11154
10012
11601
10140
10012
10524
11165
9503
9946
10227
10651
8915
10089
11086
11235
10695
9998
11160
10682
11757
10054
11124
11104
11767
12301
10497
10532
11703
11749
10058
11722
11124
9986
11229
10058
11768
10107
10744
9979
12884
10023
11746
10054
11212
10479
10526
12226
10095
11197
10115
11730
9679
10679
11575
12286
12236
11070
11645
11709
11777
9618
12190
11201
11681
10092
11837
12744
11229
10180
10607
11182
9074
12318
11254
11795
10771
11782
12236
12233
11145
10651
10013
11146
11179
11226
11165
10540
10512
10155
11105
11153
12857
11102
12773
12267
11781
11658
13412
10696
11214
11195
11261
11734
10986
10595
11762
12186
11186
11743
12717
13829
12901
12352
11584
11162
12264
11857
10080
11745
10666
10575
12345
11094
11737
10490
12299
12305
9597
9563
11729
11151
10687
12247
10031
10624
10577
12314
12700
11765
11677
11075
12854
12819
10131
10630
10596
11161
12837
11752
12227
10723
11123
12736
11119
12137
12329
11724
10580
10211
11199
12189
12235
12771
10666
10680
10594
12199
10011
12809
12246
11750
12816
9959
10640
10166
11160
11691
12334
12747
12302
12859
12841
11135
11682
10063
10586
11655
11131
11739
11075
12166
12790
12240
11673
11192
11045
11762
10672
10066
10673
10700
11726
10636
11141
10614
13315
13327
11109
11738
13871
11189
12829
11180
10692
10628
11664
11201
11244
10650
11701
11727
12200
11700
12199
11146
12281
11152
11738
12258
11254
10494
11714
12185
12301
12330
11166
11098
12844
11604
12782
12235
12237
11665
11107
12806
11131
11732
11191
11729
11178
12841
11621
12861
10007
11207
11203
11646
11790
11768
11105
12252
13287
11669
12244
12286
12232
12820
11230
12260
12256
12806
13325
11096
11134
12815
12131
12250
12184
10643
11712
11277
12767
12164
12229
10066
12762
11192
11013
11824
11168
11645
11247
11734
14348
12168
12220
11155
10538
11752
11601
11706
11701
11756
10750
12774
10721
11647
11262
13381
11255
11064
12886
12840
11213
12284
10648
11652
13402
11702
11661
11063
12347
12758
10698
12297
12279
10692
13369
11701
11193
11719
13366
10562
12350
11163
11701
12658
12233
12300
11703
10667
12774
12321
11764
11795
12824
11250
12767
11704
13256
10610
11220
11743
13261
11638
11749
11789
10651
10582
12412
11671
10642
11146
10703
11720
13846
11715
11716
12193
9893
11642
11240
13242
10699
12779
12296
12729
13326
10047
11731
13345
11123
11809
9619
11309
13377
12741
11680
11228
11660
10635
12754
12222
11648
11690
10130
13344
10619
12271
11153
11153
11631
13310
12219
10679
12810
12879
12240
10103
11181
12835
11653
11194
11099
10012
10154
10113
11125
11262
12336
11668
10690
10565
9571
11704
12119
11725
12184
10646
11764
12178
10644
10616
12209
13440
11820
12714
12782
11675
11777
12270
11236
13367
11752
11632
11226
12793
13303
10042
13389
12855
12847
11688
12245
11704
13440
12746
12205
12278
11668
11769
12272
11111
11532
11188
12790
12847
12182
12249
12824
11692
11199
11159
12833
11662
10694
11226
11011
12796
11224
12696
12233
11763
10649
11214
13808
13325
12209
12687
13901
11200
11191
13314
10507
12293
10586
12236
11153
12216
12834
12240
11751
11158
11035
11639
12227
12231
12859
12195
11202
12361
11170
12183
11157
12753
10672
11133
12205
11739
12801
9415
10623
11780
12869
11231
11656
11189
12109
12299
13290
11698
11668
11229
13383
12305
11666
11625
12773
12173
12272
10531
10104
11601
13260
13289
12251
12326
10649
11188
12249
10664
11688
12765
12748
11705
11153
10133
11219
11174
11685
12121
12276
10594
11145
11697
12803
11795
12827
11182
11693
12191
12240
12233
11680
9957
10669
12252
11731
11701
12826
10682
12229
12862
11115
13241
11172
12808
10564
12759
12273
10588
10173
11203
9982
13328
12267
11001
11246
11674
11222
12810
11031
12254
12200
13869
11599
12803
12234
10707
11680
10539
13343
12250
11764
12215
12892
10686
11696
12741
9537
12791
12754
12357
10562
12724
13317
10655
13918
11765
11154
12766
11699
11644
10593
11709
11135
10573
11235
12254
12254
12810
12296
10542
10200
12758
11728
12134
11686
13410
11773
12168
11523
12848
10546
11841
11000
13281
12206
10991
11149
10578
11744
12889
9978
10580
12307
11735
11173
11213
10632
11175
13327
12330
13391
12303
12150
12825
11660
11130
10015
11156
12246
9979
12787
12719
13788
11758
11760
12158
11696
11237
11766
12272
11639
10158
12197
11795
10614
13875
11223
12750
12162
12800
10659
11729
12186
11689
11062
11203
12329
10568
11248
11608
12863
13379
11170
10687
12195
11147
11797
12228
12750
12201
11296
11196
11754
11245
12209
11114
11780
11737
11696
12743
11682
11670
11113
13387
11214
12834
11729
13366
11714
10981
12239
10510
12834
12792
12802
11004
11231
12199
12777
12303
11177
10516
11590
11060
11659
11758
12267
11143
11641
12812
12814
12207
12243
14995
12255
12720
10614
13242
11667
11119
12192
11655
12822
11732
11664
12847
12799
12745
12868
13264
11672
11804
12752
11680
12277
12811
10129
10052
11655
12319
13350
10619
13397
12848
11756
11774
11665
11702
12076
11696
11630
11691
11202
11197
11690
12222
10139
11677
12368
10611
11129
11179
11708
10118
12271
12190
11146
13407
10543
10525
10027
11020
12236
13290
13306
12311
11721
13918
10038
10604
13396
12827
11154
11161
12252
12703
10116
11728
11671
13868
11211
10111
11678
12322
13368
11135
13387
12674
11131
10697
10065
11808
11212
12805
13353
12819
13387
12151
11122
11733
12202
13349
12765
11757
11154
11637
11142
11186
12716
13375
12853
12201
11784
12772
12288
11176
12838
11774
11862
10722
12270
11109
12095
11743
12252
12194
11247
12263
11662
12289
9998
12323
11179
12294
12282
10654
12711
12742
12781
11237
10630
10635
11255
11724
13288
11643
11679
12332
11749
12204
11727
12783
9401
12237
12140
12224
11733
11683
10561
11193
13320
11725
12834
12209
11717
11771
13300
11241
13308
12369
12292
12235
12198
12844
12839
12291
10045
12825
13443
12276
11679
11169
11189
12284
13349
13366
12298
10774
11650
12860
13291
11185
11771
10090
11816
10051
11051
12250
12892
11709
12291
13377
12225
13461
12780
12789
14405
10578
10685
10669
11138
12813
12114
13931
10489
11290
10697
11638
11710
12221
12748
12762
11798
11661
12186
11032
11183
11552
10493
12364
12701
12270
10751
10616
12300
12257
13834
12704
10666
11644
13270
12216
10094
11662
12278
11739
11688
11570
12847
10598
11140
11348
11033
11175
12310
12339
12245
11624
10463
12213
11182
11661
12273
10604
11672
12289
12391
11688
11742
12733
13957
11806
12240
11849
13340
11706
10635
11201
11655
11682
12191
11183
12743
12197
10038
10643
10538
11757
12772
11722
13873
12303
11709
12797
12172
11702
12244
12716
13396
13358
11705
11842
10594
11161
12813
12810
11631
12769
11261
11195
10665
11276
10517
11769
12252
12675
12242
11708
10620
11583
13306
12704
13344
12183
11136
11264
11175
11087
10681
10624
12840
12787
11685
11114
11719
12242
11207
12814
10076
10139
10546
12754
12818
11812
13248
11218
12125
12278
11775
13768
11814
12178
12771
13361
12844
11209
11671
11777
12268
12325
12761
10627
12808
12212
12750
12196
12260
12815
12246
11240
11064
11720
12286
12179
11682
13947
11215
12178
12896
11049
11689
11134
9999
11755
12857
11779
11630
12824
13364
11732
12801
12127
13372
12280
11635
12906
11230
12869
11257
13248
13913
13324
12276
12222
13352
12791
11740
13336
11704
12286
11661
11261
10046
10964
11758
12220
12260
11135
12770
11103
12236
13948
12849
13386
11820
10493
13945
13374
11114
13432
13412
11125
12122
12236
11229
13969
11760
13323
12854
12818
10109
11743
11097
11638
13933
12304
13351
12216
12174
12770
13873
11605
12846
11671
11647
11197
12259
12299
11193
11002
12317
11707
11191
10021
11755
11744
11689
12804
11048
11124
11599
12293
12255
12895
13284
11663
11684
11174
12374
10690
11156
12192
12812
11694
12253
11695
12817
11323
12857
12723
11208
13951
10572
12322
12848
12284
12199
13242
12220
11637
11106
13364
11166
11640
11760
11754
12766
12363
12796
11219
11161
12869
11740
11717
12183
11699
12762
11744
11784
12365
11149
12247
12810
12276
12224
11765
10542
12286
10609
12254
10606
13410
11181
12252
10603
11615
13807
11766
12281
11772
12822
12865
12254
12214
12376
12354
10675
12250
12269
12799
12319
11092
13294
12399
10564
12255
11720
11562
13899
11150
11750
11175
12277
11100
12826
11108
11144
13888
11058
11137
12224
10608
10144
11755
12820
11763
11783
10689
11732
10489
11608
11685
13317
