4656
3500
4103
4036
6377
4724
5283
7030
7048
6332
6877
8072
7007
8127
6011
7625
6420
6984
6083
6605
7695
7678
7158
7284
8364
8827
7777
8325
7809
9907
8386
8369
8860
6798
9040
7772
8332
9517
7894
9637
8385
7386
9047
8453
7358
8524
7890
7489
7262
8489
9072
9521
8426
10090
7914
9526
8546
9999
8468
8392
9597
8389
10095
9698
8464
8363
9057
8343
8420
9454
9521
8554
9474
10587
8408
10039
9010
8448
10577
9408
8963
9553
9064
8918
9513
9555
9469
10988
10092
11748
8992
11657
8434
10050
9572
9690
10575
9629
10623
10713
8887
10700
9617
11218
9029
10070
10664
10757
11849
10096
11182
10654
10179
10088
8980
9160
9994
10690
11146
11261
10242
11307
11231
10703
11242
10016
10643
10661
10168
11749
10147
10690
10163
10667
11114
11813
10606
11312
10202
11137
8649
12255
10617
11199
9631
9689
10126
11255
11231
9556
11307
11789
10269
11134
10641
10135
11789
11745
11833
12794
12292
11152
10140
10098
11258
10747
10110
11229
11786
9542
12246
11781
10717
10165
10682
11130
10135
12822
12328
13328
10092
11131
11849
12330
12339
11200
12802
12300
12280
11297
11843
12839
12227
11681
10675
11145
10161
11090
10192
11674
12144
13893
11817
12846
12735
11782
12276
10666
13460
11759
12164
10688
11788
11686
12354
11718
9536
11798
11155
12867
10128
11744
12315
11741
10668
12204
11146
11208
12844
12607
11733
11202
12859
13392
13283
11791
12811
12292
12790
12753
12780
11162
12695
11263
12891
13336
12313
9561
12791
12334
11684
12707
11688
10720
11704
11613
11086
12863
11772
11628
12200
12805
12172
12834
11691
13459
12686
11755
12233
11687
11150
12797
12342
12310
11083
13889
11253
11678
10655
11201
13381
12287
13460
13403
10625
12858
13840
11251
12714
12383
10640
13341
12301
12311
12159
11253
12854
12854
11147
11779
13406
10689
11688
14015
12824
12218
12787
12785
12812
10505
12784
12899
13290
12220
12715
11124
10634
11243
10503
13320
12759
13946
11324
13859
12887
12830
13878
12328
12711
11713
13981
13330
13839
13288
12895
12145
12250
13347
11729
11726
12794
12783
12846
13398
13344
11753
11783
12809
12835
13352
13355
11141
13317
11772
12809
13332
14940
14966
12916
12254
13423
13381
13293
13373
12352
14458
11836
13860
14935
12260
14358
13828
12826
13388
13890
13337
13366
13353
13894
13948
13278
14456
13346
13338
12772
12793
12293
13937
13973
12807
12335
11875
12274
12791
13363
13357
15026
13404
13385
12850
13780
13287
11665
12184
11643
12769
13230
14035
13392
13878
12683
13398
14365
13974
13963
12821
12249
12851
13841
12269
12284
12785
11639
13813
13384
13955
13945
13916
12310
12743
10595
14019
13382
13432
12817
12307
13235
13427
12298
13360
12170
12703
12817
13915
14969
14483
12761
13898
12709
12358
13290
13916
12783
13318
15025
12816
13402
14523
12279
13365
15492
12296
12885
12849
12863
11735
11225
13807
13975
13376
15067
15517
14415
12809
13339
13316
12247
12848
13238
12747
12929
12812
15009
11214
15569
13475
11570
14375
15533
13329
11581
13804
13913
13852
13913
13810
12764
12330
14416
12224
13317
13392
13335
12310
11657
14436
14394
13910
13814
12817
11733
13906
12695
13808
12170
14928
12829
11765
14470
13841
13302
13413
12883
12896
13417
15005
13843
12778
15014
12841
15513
16131
14312
15516
12747
14445
12879
14484
11733
13310
14427
13287
13850
13287
13244
15028
13738
15484
13916
13534
16124
12149
14479
13827
13793
13856
12332
15044
14984
15033
15049
12808
13466
12782
12742
13334
13342
12263
13432
13351
13330
14461
13900
12660
15512
12912
14475
13755
13748
13944
13401
12249
14360
12841
14412
14999
12679
12243
14400
12165
12141
14342
12748
14482
12804
16123
13870
13889
14963
13893
13265
13874
13309
13965
16056
14416
10692
15445
12286
14959
13931
13331
15024
13395
16067
14993
13846
15034
13312
12804
13777
15579
13308
12290
14991
12141
13993
14422
12826
16668
13818
14412
13383
12825
13301
13832
14451
13889
15040
12822
12878
15035
13961
13733
14975
14999
14474
13888
14441
12872
14414
13349
14491
13849
13373
12798
13935
12875
14508
15003
13330
14951
13876
12307
13311
13927
12338
13345
13487
11106
15991
13388
13841
15001
13375
13888
13408
13883
14969
13926
14484
13299
13930
15044
12857
16051
15539
14962
14469
14979
14359
13891
14507
13817
12843
15531
13943
15060
15541
13846
14496
14932
14410
16081
13827
14959
13896
13873
14430
13881
11792
13787
13296
13939
14467
13361
14966
14470
12720
12760
12738
14349
13354
13328
13322
12784
13869
15012
13713
14485
13332
14973
13362
12757
14953
13939
13414
13389
11127
13872
12713
13426
14400
13842
14980
14392
14302
13316
14945
12799
12825
15456
15507
15065
12779
15030
13900
12871
14404
13367
14441
15495
13827
12856
13834
14348
15423
12278
12290
14367
13851
14335
13256
13866
13276
12746
13368
14464
13941
13966
13275
13867
14462
15585
13905
14466
12820
13310
12739
15572
12809
15600
13907
13857
13297
12799
13814
12763
14489
14483
13748
12280
13248
13411
14925
13301
13787
14981
15595
12136
13384
13210
14955
13416
12829
14529
14521
16052
15019
15012
14903
14490
13385
14989
14987
15568
13344
15002
13821
11636
14388
14375
13380
14057
13967
13322
14876
12300
15465
15026
16090
14955
15497
14378
14501
12842
13391
15494
11723
13848
14342
14919
15527
14007
13899
14442
14397
13831
13439
13945
13278
14467
14430
15500
14980
14427
11700
13821
15601
12784
12776
13418
14972
13284
14915
13881
12205
16099
13336
14470
13846
12133
13296
14473
13206
12232
14974
13283
15528
13867
15530
14421
13892
12801
13859
13871
15602
15535
14954
13325
13892
13987
12852
15026
14971
14448
13880
15511
14391
14437
13909
14343
14423
12800
14939
12271
13279
13892
15560
14993
13933
15574
13874
13977
12263
13882
14398
14520
15472
14983
14328
14466
14425
14991
13926
12340
13792
14476
15022
13847
14530
15564
14504
15543
13387
14482
14391
14421
15529
15477
13312
14950
11618
14454
13815
12312
13892
13910
14489
14972
16090
12854
14972
13291
13360
13438
14415
13813
13289
13381
14989
14940
13337
14472
14459
14900
13302
13916
12671
15511
13845
14955
14425
16108
14446
13907
13895
14462
12761
15066
14977
14359
13880
15031
13280
14417
13850
13225
12668
14291
14420
14343
14365
14474
14402
13347
15041
13260
14474
13823
14428
16092
13797
15472
14948
15472
12315
14992
13325
14934
14340
14498
13887
12867
14418
11592
13857
13809
14384
13940
14462
12196
14956
13919
15028
13904
13933
13968
13901
15507
14341
15008
14480
14462
15461
14462
13244
15092
12790
14377
12819
15509
14449
13307
12756
14399
12223
12347
15515
14991
14449
15015
14969
15559
14433
14383
14472
13358
13908
14885
14435
12790
13833
14434
15581
14426
13386
15517
13858
14433
14971
13237
13819
13944
15031
14968
13901
15455
12854
12141
15528
14997
13853
12810
13898
13259
12285
15496
15541
12739
13884
14450
14365
15509
15525
15009
14436
14458
14356
14468
15473
14514
14424
15495
15516
14909
15578
14387
13785
14500
16068
14408
13901
11724
13394
13979
14362
14995
14421
14378
13820
13270
14429
15519
13362
16619
12666
14375
14427
13275
14986
13931
14889
14507
13974
16093
14945
16122
15027
14970
13832
13845
14416
13891
12683
13881
12855
13853
13430
13303
12222
16032
13910
13882
14436
13852
13328
12794
11184
14493
16070
13366
13949
14935
14432
13880
14344
13333
13958
14402
16120
14370
12208
13869
14954
12834
14447
13930
16104
13924
14444
15000
14953
14444
14398
14992
15528
14409
12777
13973
15441
14383
15066
13869
13382
13400
13837
13923
16086
15030
14408
14386
15468
13380
13860
16071
14389
13953
16106
14946
13897
13951
14478
13295
14469
14972
14406
13812
15527
13669
13340
13488
16116
14409
14924
14470
13911
15537
14462
15022
14464
16044
14393
14992
13933
12725
15042
14443
13236
15522
14948
13888
13853
14956
15045
15035
13346
14992
14430
14940
15487
14389
15509
13238
13413
14461
14950
14291
14986
12669
16056
15494
13822
13749
14503
14952
13881
15514
14326
15043
13864
15538
16091
14524
13726
13769
15006
13241
14442
13347
13934
15518
14496
13853
13890
13964
15002
15052
14430
13197
13879
14915
14417
15027
13907
14977
13322
14334
15545
15010
16104
15564
14333
14378
13934
13831
13850
13775
15490
15034
14422
15495
13899
14960
16094
15494
14342
11202
13875
14982
13333
14484
14943
13798
14974
15453
15566
13817
15483
15571
15516
14951
13909
13958
14473
14423
14474
15009
14932
16089
14442
13831
13832
14495
16097
14875
15490
13331
12172
15550
14446
14387
14371
14407
14480
13303
14992
15406
14417
12681
16045
15518
15574
15543
15500
14347
12736
16034
14506
13711
16608
15547
15465
14966
14378
14395
13874
15065
14925
12215
16012
15485
15000
15994
15538
12704
14971
14388
15511
13362
14938
14369
14421
16054
14410
15026
14972
13837
15513
15569
14412
15542
15511
13331
14372
13839
13952
13882
14412
14442
12145
16626
15001
13778
14390
14948
13896
13243
14493
14415
14444
13913
14362
16616
14884
15085
15477
14895
15043
13940
14433
14422
14334
14922
14393
14942
14911
15474
16045
13845
14876
13860
12842
14988
14448
12774
12679
13795
15083
15036
16090
14378
13965
16092
15084
14913
14452
14441
12814
13282
16642
15063
15078
14468
14499
14957
14960
14333
15571
14951
13983
14891
12815
13701
13365
13946
13935
13921
16024
15467
13209
14965
13892
15040
14932
13905
15493
15490
14487
14995
