3922
5242
3021
4691
5292
5327
5937
6550
6348
6963
6960
7550
6607
7627
8193
8244
4848
7731
7545
7570
8222
7518
7215
8769
7754
7740
9390
8919
8819
8207
8250
7715
7696
8417
8358
7729
8340
8834
9552
9551
8357
8390
10566
8464
8444
8938
8912
8974
8895
9043
9001
9592
9516
9100
8945
8410
9050
9549
8919
7918
8902
9574
10135
8467
8465
9447
10091
8979
10112
10073
9624
11050
10110
10131
9572
9652
9619
10143
8471
10065
8971
10620
8454
10133
9119
10001
9502
8998
10731
9055
10126
8992
8446
9460
9644
9400
10033
9569
10516
10053
10634
11135
10696
10709
10081
9614
8986
10036
10586
10742
10125
10048
10129
9558
10736
10703
11117
10617
9615
10649
11832
11198
10692
11167
10632
9395
10083
7877
10760
8979
11853
10154
11143
9056
10665
10184
11193
10153
11164
10669
11147
10058
11317
10170
10636
10664
10671
10147
10105
11222
11718
12864
11753
10771
10545
10072
10184
11240
10198
9918
10634
11179
11695
10552
11879
11723
11154
11127
10730
10752
10675
12246
9536
12297
9556
10625
11273
11661
11765
9505
12389
11741
12251
11194
11202
10130
9555
10201
11801
11685
11217
11171
10599
11252
11256
11248
12778
12328
13298
12817
12915
11731
12267
10624
11275
10521
12851
11275
11676
13305
11800
13408
11721
9430
11647
12278
12779
11259
12263
12377
13386
11748
11229
12344
11801
11737
11294
12338
11255
12389
11269
11206
11704
12225
10634
11720
12878
12900
12215
11782
13456
11806
11224
11753
12282
12306
12820
12292
12260
9506
11062
12324
11165
11030
12177
12267
12323
12643
13403
11831
11206
11187
12924
12798
11735
11111
10671
11168
10739
11651
11224
12817
12257
12241
12269
10647
12174
12232
11636
10655
13414
11783
12333
11176
12827
12290
11757
11215
11667
10546
12172
10080
11713
13732
12255
11703
13924
13343
12686
11733
11715
11250
11055
11705
12305
12783
12310
13920
11207
11834
12278
13428
12769
12726
12275
11669
11133
13887
12819
12832
12877
10053
11680
12823
12352
13918
13290
12249
13362
12376
13294
10660
12293
11257
12397
12793
10505
14428
12208
12893
13362
12786
12337
11195
14397
12870
11732
11705
13429
13422
11319
12272
11539
12289
12298
13894
10767
13403
12209
12295
11605
12296
12277
11079
13847
13389
11742
12870
13895
12267
11622
12857
12280
13856
12302
11028
12231
11665
12268
11764
13418
12778
12878
10587
10503
11759
12342
13341
12291
12146
11204
14410
11125
12792
12773
12850
11664
12761
12281
13865
12216
12791
11654
12818
11696
14452
11729
12283
12767
12740
13377
14981
13346
12325
13932
12247
13953
12283
12310
12882
12241
12216
12157
13368
12295
12123
12354
12741
12709
13472
11076
11247
12230
12785
13335
12186
12890
12333
11105
14556
12806
11771
12273
13338
13314
12270
12720
11722
12821
11714
12425
13350
11102
14376
13902
11220
13293
12746
11657
12845
12283
12347
12711
13868
12428
13304
13293
12300
13812
13915
14306
13847
11153
13335
12741
15023
12781
13889
13891
12821
13392
13420
11089
12810
13847
13332
13271
13953
12841
13921
12832
11762
13889
13951
13327
12265
12275
13865
13869
13323
13391
13312
13924
12761
15068
15536
13896
11152
13859
13262
13392
14467
11737
14470
13355
13913
14416
13372
13208
13853
14458
12274
12721
12347
12811
12740
12701
11648
13402
13886
13313
12281
15573
13770
13932
13407
15090
12218
12302
12820
11174
12767
13901
12870
14966
14415
14414
13985
13799
12612
13885
13977
13290
12878
12818
12816
11765
15034
12891
12811
13236
13399
12230
14995
12237
13412
12334
13963
12805
13391
13883
12910
12833
12856
13292
12320
12968
13404
12762
12842
13357
13883
12294
14986
14458
12239
13918
13402
12754
12821
12339
13362
12149
13276
11767
13376
12327
12290
12809
13431
14508
13416
12756
12223
12736
13321
13407
13354
13394
13845
15577
12812
13375
12250
14403
10584
13272
12236
15044
14383
14428
12826
14380
12845
13366
14389
11635
13857
13325
13339
12145
14458
12809
12261
13359
12126
12880
11735
13445
12193
13898
13941
12808
13838
12284
11806
13309
12877
14421
14955
15010
13911
13368
13263
12738
13297
14395
13315
12235
12827
12244
13340
14347
12287
11183
12901
12252
12312
14500
13896
13996
15045
13259
13892
14384
15048
12808
13397
12844
13986
12911
12762
13919
11777
12347
14495
14454
13853
13876
12289
15531
13374
13425
13831
12784
13943
12765
13343
13422
13777
11215
15488
15027
12277
13910
11745
14372
15504
14394
13821
12790
12791
12295
13813
11576
13390
14395
14434
12904
13382
14407
13766
12847
13845
12684
13420
14966
13850
12748
14377
13303
13393
15553
15573
11773
14464
12256
14439
14468
14324
13903
14375
14989
14540
12317
12223
13316
12724
14458
13176
15527
12804
12807
12252
13278
13852
12803
13219
13400
12221
13905
13330
13354
12254
12730
12190
12840
13892
14449
14955
13369
12836
13829
13776
12782
12706
15586
13347
13907
12740
14411
14413
13308
13902
12782
12258
12729
14429
12921
12781
12773
13382
11114
11680
13376
12336
12199
14470
12857
13331
13793
13351
12802
13305
13380
13945
14524
14476
13346
15418
13304
13358
13879
12209
13975
15609
13866
13295
13855
15567
15529
15013
13339
13312
13344
14450
11712
14436
13831
13886
12730
12193
13414
11721
12177
12741
12825
13189
15013
12760
14373
13307
14524
13849
14412
12817
14408
13886
14384
13347
12851
13351
13408
14386
14516
13331
12284
13262
13239
13252
12802
14386
13908
14474
14473
13401
13247
14978
13853
13937
13335
15018
13396
12762
12335
11167
13879
13860
13896
12811
12873
14387
14383
13856
13907
13884
14990
13901
13338
11694
12150
14391
13846
13283
14488
13308
13751
14408
12265
14400
12841
12788
13329
13397
11615
13913
15602
12191
12686
14465
13251
12804
13166
13840
12215
13278
13850
12729
12798
10581
14922
14388
13410
13328
14966
13914
12317
13314
13293
10677
12752
14982
13945
12738
13919
13926
13859
15497
13758
13429
13321
13313
13335
13860
12341
13914
14442
13838
12164
13241
13215
13976
13865
16635
13275
12827
15516
13319
12259
12710
13805
14999
15069
13301
13985
14390
13254
13816
13920
15496
14376
13872
13822
12234
14448
13963
14911
13834
13415
12200
13814
12826
15001
14366
12767
15509
10661
14306
13900
13914
12760
14427
14446
15528
14420
12246
14373
13923
13835
12830
15404
13339
14473
14378
13419
13868
16085
14454
13779
13919
14425
13831
13335
14458
13840
13928
15551
13835
14365
14395
12106
15523
13388
14919
15531
14478
12175
15034
14426
11736
14516
12829
12200
16676
13352
13276
13397
12806
14944
14300
12747
14303
14972
15126
13270
13256
15571
14960
12781
13237
13901
13390
14975
13859
13361
12758
15541
15023
13299
12230
13229
14472
12863
13275
14469
12165
13407
13804
14976
12213
14963
15518
13831
14988
16055
13891
13877
12716
16067
13781
13376
14963
15567
12696
14362
12338
13367
14977
13351
16084
13927
14445
14814
14478
12928
15015
14949
12753
15025
13936
15509
13397
13908
12773
12848
13333
13334
13829
13872
12742
14935
11685
13351
11641
12783
14468
14410
12818
12275
13883
13879
14959
15461
13858
13318
15531
13909
14372
13837
13832
12786
14968
16083
13892
15485
13920
13750
14382
12197
15516
14415
12844
13212
15007
15114
13397
14446
13809
13287
14954
13281
14432
14989
12849
13325
14939
15440
12778
12328
13319
13898
13252
14357
14418
13831
12755
14981
13845
13995
14374
13887
14896
12796
15544
12167
14948
14945
14998
12697
13916
15568
15497
13890
13810
13847
15013
13266
13900
14559
12109
14532
13336
13328
11697
15530
14377
13400
13946
14423
13271
13859
14475
13875
13860
16023
14406
13333
13294
13739
13895
14410
13953
14456
15472
13268
12235
12188
13852
15489
13260
14500
14427
12846
13352
13261
14490
14410
13363
13351
15571
14379
14473
14392
12687
14941
12279
14907
14400
14991
14338
14468
14913
14414
13952
14960
13836
13896
13389
14942
12801
14453
14887
12795
13810
14956
14393
13405
13169
15489
11795
12677
13236
15493
14980
12787
14369
12795
14903
15004
13342
13939
15583
13350
10553
12788
13349
15461
13857
13883
13263
14444
13670
14420
13838
13839
12734
12206
14440
14358
12829
13784
14397
14423
14411
13400
12826
15040
14519
16662
13962
13946
13984
14411
14913
13824
11716
13790
14420
13900
13863
13365
12706
13899
14376
15537
12745
13802
14975
14950
13870
14942
14912
14964
13303
14936
13860
13357
15085
14444
13234
12790
16613
14013
14409
14994
12842
13896
14983
15043
13896
11651
13868
14412
13272
13293
12320
13911
13325
13379
13359
13906
13794
14983
13842
12778
13889
15002
12269
14416
14968
14396
14501
14944
12813
15000
14443
14989
14318
14498
14966
13858
14984
14956
14338
13399
13922
12783
14417
14950
13890
14384
15571
12212
13805
15507
14979
15539
14415
14393
13348
13888
13325
16054
13902
14447
13346
15560
14836
14938
12202
12929
12913
13279
13894
12770
14989
15479
13236
16034
15050
14949
15000
12794
12825
14386
16127
13762
13800
12226
13875
14388
13895
12766
14996
13317
13964
13893
14330
14464
13855
14290
13249
14301
13300
12673
14329
15619
14413
15467
14464
12764
15011
13377
16023
14410
12104
13909
13325
14450
12784
13895
13746
14905
14450
13316
13840
13269
14436
14985
13861
15466
13829
14340
14335
13370
13860
14942
13852
15530
13886
16094
13889
15490
13798
13968
13917
14456
16031
13415
13886
15002
14449
12726
14369
14359
15506
15463
13866
13971
12761
14981
13232
14439
12804
14470
13901
14971
13823
13315
14994
