-9392
-8840
-9001
-8642
-8746
-8877
-8449
-8239
-8488
-8393
-8193
-8204
-8106
-7963
-7623
-8269
-7758
-7912
-7835
-7746
-8061
-7462
-8132
-7654
-7833
-7794
-7110
-7393
-7841
-7965
-7522
-7420
-7662
-7515
-7292
-7834
-7851
-7062
-7730
-6753
-6586
-6380
-6380
-7594
-6839
-6929
-6629
-5491
-5843
-6050
-6936
-7217
-5320
-5345
-6567
-7277
-5703
-4876
-5228
-5083
-5120
-4686
-5937
-4932
-5860
-5550
-3490
-3638
-5174
-4521
-5135
-4654
-5780
-3831
-3897
-3341
-3582
-4088
-2899
-3420
-4275
-3363
-3637
-3606
-3132
-2606
-3059
-1861
-3633
-3260
-2421
-3161
-1998
-3235
-2483
-1141
-2337
-2970
-1172
-1971
-3269
-1913
-1849
-2983
-1952
-1027
-1089
-2823
-1870
-1081
-1404
-591
-1693
-1641
292
-2322
-2519
-2845
-1954
-2315
-1615
-456
-101
-3251
-970
-818
-465
-1648
-291
-1817
-201
125
-189
324
-133
-220
445
-786
-124
-76
-818
-123
80
461
-1471
-581
-1293
1372
-478
-402
-609
1186
-255
1047
-196
525
-715
-389
221
773
681
792
947
-306
446
-668
844
1403
430
118
38
659
222
549
888
1410
-1304
1217
1709
640
920
751
873
1067
1476
1664
794
1309
-140
1083
873
1387
1338
241
937
1061
849
460
403
-583
961
2036
1288
803
1101
805
673
1423
1455
937
350
2059
1672
1738
1073
1309
466
324
1034
871
2011
1534
2102
1704
1446
1569
1299
2324
1860
661
2335
1631
1137
1682
1917
-159
2292
1898
2551
1521
1784
1398
1678
1486
2833
1941
1779
2305
2535
1995
2172
1721
2471
1262
2516
2163
2496
1757
2708
978
2186
2277
2400
2624
1858
2517
4503
3910
2469
2728
1617
3303
1180
3179
3648
2290
2569
2669
2751
3137
2948
3466
3494
4347
1697
1940
2215
2511
3841
2854
3410
2558
3818
2941
3512
2849
4095
3270
3874
2640
3452
3951
3491
3117
3689
3606
2665
4539
1824
5560
3000
4162
2336
4197
4856
3290
4562
4972
4708
2737
5587
3123
5202
3852
4202
3501
4513
2501
3750
4747
3766
3399
4187
4387
4184
3703
3662
3376
5308
6125
4797
3927
5406
4129
4677
3232
4194
6032
5811
4947
5772
4842
3986
3972
3236
5076
5693
5009
6120
4619
5184
3357
5770
5808
3868
6129
5541
4953
5796
4095
5829
5651
4623
4900
5758
5542
6272
5344
6298
5459
4514
6129
5233
4396
5883
4759
7171
4666
5812
6286
5982
5418
5098
5145
5927
5090
6097
5046
5186
5687
4540
6387
4946
4419
5660
6890
7150
6397
6462
5854
5917
6413
6911
5170
7528
6288
5429
7609
4525
5142
6363
7015
6529
7012
5759
6034
7090
6425
7414
5925
4728
6871
6470
6516
7202
7675
6712
5203
6864
6960
6471
6646
7268
7514
6762
6428
6145
7927
6908
5929
6397
6488
6193
8280
7272
4303
6731
6497
6400
6494
7022
5878
7846
8412
6948
5857
6963
6669
6305
7161
5009
5916
7707
7733
6259
7743
7854
6240
6788
7385
4357
6612
6740
6080
6212
6270
8421
5622
6711
6077
6904
5926
7198
8473
8033
6823
6584
6453
6556
5930
7117
6987
7259
5392
7267
8361
6779
7250
7282
6876
5411
7418
5565
5321
7280
5539
6504
7365
7852
8244
8363
5336
7346
7428
6256
6111
6884
5508
5724
7206
6719
7097
7771
7935
6562
7530
6001
8951
7323
7538
6838
8327
6177
5894
6778
6600
6724
8019
6293
8009
6758
6625
7894
7857
7232
7192
6200
7223
7216
6169
8107
6536
7817
6404
9021
8028
7241
6159
5575
7927
6343
7199
6959
8693
6332
6176
7559
7545
6648
6632
6734
7413
7393
8153
8038
8764
7817
6917
7770
7446
7900
7788
7839
6864
6964
8448
7108
7841
7485
7970
5724
6604
7984
7792
6346
5561
7966
7812
7879
8083
6299
8040
8716
8127
6885
7638
8188
8621
7175
6975
7447
6805
7956
6927
5795
7641
7660
7944
8044
4914
7808
7011
8187
8100
7417
6753
7718
8215
7002
8154
7997
7183
7357
8098
7065
6161
7575
8018
6959
8239
9209
7215
7073
7764
6911
8117
7198
5751
8466
8320
7598
7486
6093
7522
8006
6894
8498
6402
8065
8608
7073
6744
7917
7787
7818
7963
6243
5811
7725
8203
8582
9235
8022
6832
8686
8528
7171
7911
7821
8829
9023
6907
7126
8212
8524
6577
6809
7394
8143
8054
8184
6991
7220
7465
7754
8008
8707
7964
7473
7198
8505
6787
7835
9000
7906
7738
9310
6308
7808
8041
7579
7805
10025
7977
7460
8477
8765
7735
8204
8030
9830
9480
8778
6486
8489
6782
9878
8363
9407
8880
8645
8078
8159
7742
8790
8738
9957
7566
8165
7272
8954
8327
8658
8257
9437
8260
8781
8105
7430
7108
8070
8870
8342
7608
7866
9331
8048
8652
6938
9409
8860
8074
7122
8815
6829
7782
8338
6937
8719
8868
8291
8496
8380
7218
7833
7890
8677
8483
7694
7719
8214
7683
8105
8457
8432
7454
8700
7097
7722
8844
8470
8474
7598
8429
8216
7909
7309
9829
9338
9360
8427
7861
8103
7244
8752
8822
8215
8359
9000
8839
9363
8959
9479
8200
7654
9601
9379
8944
8342
8873
8814
9091
9003
8958
8388
8242
8408
8396
8966
9068
8499
8297
8567
8502
7730
8582
7932
7600
8863
9418
8716
8462
9568
7522
7340
9741
8451
8762
7888
8250
8283
8390
8702
8814
7882
7827
9058
8869
8454
9326
8270
8322
8863
9093
9303
9747
8975
9162
8049
8929
8494
8863
8246
8355
9446
9510
8439
8337
9250
8820
8876
8925
9633
8654
8958
7793
9804
7763
6688
7700
7853
9378
8691
9022
8118
8870
9633
8965
8337
8862
8974
9069
8956
8848
8934
8585
9521
9556
8732
8414
8519
8476
8570
9073
9052
9986
8587
7903
8486
6799
8406
7813
8434
8945
8751
9389
8386
8134
7723
8720
9432
8429
9816
8469
8373
8302
8896
8303
9438
8199
7983
9430
9923
9576
8534
7509
8361
8154
8471
8924
8994
8251
9637
9219
8900
9378
8563
8882
9965
8398
8524
10041
8681
8812
8378
8872
9181
9071
10181
8944
9606
8915
8625
10110
9036
7523
9369
9514
8945
8367
10153
8260
8724
8898
10063
8912
10162
8908
9036
9012
7610
8942
8730
10547
8944
7793
9502
9566
9369
9355
8828
9470
9460
9002
10023
8407
9506
9137
8334
8977
8856
9129
8781
8795
9496
9501
9624
9201
8949
9143
8606
9705
9723
9115
9684
8392
9091
8510
7946
7772
7905
8512
8792
9973
9454
9733
9015
8935
8962
8914
8746
10328
8564
8425
9736
8546
8364
7234
9068
8656
9793
9954
9489
10203
10147
9052
9032
9555
8837
8236
9749
8684
9707
9779
10688
9536
8944
8686
9713
9614
9591
10049
9824
9513
10006
9599
9591
8620
10191
9108
9012
8437
10740
8616
8887
9472
8242
10525
9546
8657
10802
8445
9611
10498
9780
8452
10183
10774
9821
8597
7789
10673
9916
9169
9664
9201
9140
8992
9492
10873
9739
10289
9675
9585
9540
8462
10845
10688
9660
9340
10275
9287
9871
10431
8615
8945
10231
9446
8663
9097
9295
9419
9625
10144
8139
6997
9498
8327
10350
9739
9037
10139
9563
10786
10167
7927
8731
7993
9631
9193
9568
10317
9225
9696
9511
9624
8738
8963
9834
10657
9219
9722
10456
7738
9662
10195
10380
10203
10223
11420
10892
9656
9539
10518
9791
9054
10199
9669
9467
12012
9149
10118
9146
10562
7419
8598
9630
10759
9719
10213
9527
9544
9239
10106
7828
10488
9986
10463
9873
8472
11410
9517
10881
9134
10175
10757
10723
8912
9075
9401
9056
10086
9604
9742
10227
9704
9151
9630
9562
9759
9110
9735
9932
9086
9566
9650
10427
8685
10487
9787
8435
9044
10077
10394
10297
9062
10147
9397
9669
9292
11472
8551
9779
9733
9600
11770
10250
9798
9183
9995
10119
8993
8725
10846
8945
9826
11472
10817
10077
10261
8082
10992
9280
10422
10597
10707
10219
10833
10199
9843
10663
10307
11020
10125
9502
10784
10508
10081
10910
9310
9832
10513
9977
9620
10782
10174
10658
11257
10314
9836
9545
10415
7557
11074
9682
9265
9170
10790
10847
10080
8696
9243
10154
9749
9725
10356
10852
9307
9904
9663
10229
9690
10848
10206
10519
9569
10665
9241
10215
9266
8522
9728
10271
10320
10640
10197
10302
10978
9920
10303
9949
10998
10474
9100
10144
10733
11384
10071
10767
10092
11253
10404
9217
10939
10959
8745
10750
11007
11080
9147
10828
9292
10287
10355
9691
10518
9830
9576
9723
9608
10296
9100
10014
9854
9921
11550
11072
10321
11025
8824
10594
11202
10645
9239
9787
10013
10449
10669
9159
9216
9133
11473
10509
11111
10499
11041
11892
10952
9991
11556
8586
10420
9682
10455
10816
9754
10912
10526
9889
10991
9831
11121
10109
9287
9999
9991
9759
9589
9901
10502
9877
10918
10177
11297
9983
10498
10467
11013
9982
9569
8681
9775
10346
9276
10340
10293
9536
9704
9745
10775
10147
10366
10893
9721
10838
10017
9911
10562
10389
11565
11105
9707
10938
8770
10739
11055
10312
10482
9192
9812
11611
9790
9031
9916
10484
11129
10244
9736
12114
11093
10351
10295
9553
10356
10791
10983
10598
10834
10166
9685
10962
10533
10739
10761
9863
10331
12739
10048
9805
10747
9477
9722
10979
9955
10268
11636
11465
10468
10683
11187
10875
10907
11250
11702
10371
9871
10450
10341
12012
11994
10507
12196
11298
10994
10830
10951
10992
11024
10009
10530
10383
10354
11348
10689
10248
10980
8731
9151
9859
9869
9337
11071
11072
9564
11190
10497
9984
11118
11023
10010
11381
10269
9682
9467
11337
12155
10564
10427
9369
11991
10987
11808
11589
10756
8088
11640
11459
10536
11626
10485
10885
10724
11092
10383
11115
9465
10521
10270
11024
11098
11430
10768
11430
11031
12064
11046
10833
10608
11401
11559
10491
9939
10447
11018
11145
11770
10277
7947
10406
10859
10899
9865
12579
11460
11071
10914
9786
10456
10392
10501
11175
10051
10568
11199
9910
10470
10951
10843
10587
11488
12163
10900
11317
11832
11632
10040
10151
12086
10978
10457
12617
11206
10406
11044
9501
8884
9436
11588
10507
10112
12382
11132
10542
9928
11410
11026
10082
11667
11580
11654
9403
11559
11220
10793
11084
10686
10559
10445
10955
11164
11013
10524
10826
10584
12697
9790
10948
9471
10504
9382
9850
10489
10046
9710
9593
10439
9306
10911
10973
10502
8629
11011
9498
10848
10479
12034
10332
9748
11507
9377
10969
11997
10590
12096
12664
13220
9290
11548
12018
11604
12125
8791
11103
12289
10537
11575
11000
11558
10458
11073
11919
11657
12034
11700
10595
11658
11168
11036
12179
11073
9990
11536
10367
11122
9430
10040
10915
11590
9919
10734
10510
12815
12146
10999
12278
11235
10390
10956
11156
9337
11515
11747
11663
11142
12271
10555
11142
11560
10907
12243
11091
10852
10366
12569
10449
11031
10029
11151
12276
10153
10389
10597
12255
11015
11057
12002
11715
9498
9636
11025
12709
10131
11514
11779
10982
11876
11596
11233
11185
7973
10500
11722
11573
9893
10042
12038
11683
10235
9840
10085
10703
11566
11076
11720
10628
11798
10348
10633
10603
10695
10409
10510
10426
11032
11656
11018
12116
10582
11297
10892
10440
11569
11186
11012
11177
12104
9723
10092
10359
12266
10944
11165
10598
9951
12140
11215
10947
10535
9436
12249
12257
10970
11642
12030
10554
11974
12159
11672
11140
12180
11245
11157
12037
11518
11156
12840
12896
9964
9987
13759
11607
10578
11739
10029
11789
10555
10650
11822
11799
11066
10918
12382
11521
10593
12006
10532
11138
12302
12244
13289
8632
11788
12105
9081
11168
11356
10505
10389
10055
11092
8722
10032
12274
11572
11715
10978
9292
11007
10611
11273
12201
10612
10033
12156
9079
12207
11006
12150
11785
11634
10710
12102
11582
11126
10826
11618
11079
10687
12937
11669
11533
10556
9351
11118
11667
11075
11193
11124
11728
11016
11767
10757
11254
12215
11014
11754
11202
11231
11196
10571
12599
11641
11151
11092
12378
12913
11843
12825
12327
11644
11610
11203
11528
11535
11784
9016
10967
12176
11225
12225
12825
11248
11582
11575
11146
13025
12377
12152
12342
12247
12919
12272
12385
11795
11196
11261
12266
11211
11651
12108
11655
12890
12898
11554
11036
13454
12251
13990
11897
12709
11082
12310
10571
11574
12361
12343
10175
11623
11498
10554
10060
13479
12327
11657
11044
12298
10690
11010
12850
10534
12059
11562
10442
10925
13344
11277
11740
11993
12168
10427
11840
12720
12350
10184
12785
13426
12356
11151
11763
12274
10166
12005
10702
11583
10120
12425
11554
12087
11852
10713
11827
10774
13219
10597
11658
11095
11099
11099
11051
11775
12153
12724
11186
11754
12436
11089
10709
11764
11110
12247
11827
10494
9773
11536
11199
11758
11574
11845
12378
12094
12252
11735
10626
11376
12782
11127
12308
12388
11628
11167
12888
13440
11853
9984
12491
11805
11867
12695
12404
11101
12747
11862
11816
12759
11549
11292
12274
10110
12943
12808
10621
11756
11679
11825
14019
11122
12091
11703
11857
12372
11804
11142
12114
12481
12820
11815
12368
11821
12337
10742
10785
10637
11716
11693
11810
10821
12175
12280
10499
11205
12348
12453
11292
13463
13538
12232
12298
11861
10641
10721
12366
11699
11073
12269
10514
11721
12890
11017
11783
12935
12703
12143
12754
12794
11853
11213
12271
11587
12231
10095
11749
12254
11736
12919
11826
11981
11136
10587
13505
13835
11003
12961
10151
12215
11000
12929
11753
11759
11734
11614
12771
11751
13280
11658
10541
10012
11204
11894
12221
11284
13441
12334
12728
10576
11342
11123
11945
13387
12892
11719
11752
11103
13003
11333
12291
11646
11394
11566
11129
12323
11878
11683
12070
12898
12277
13358
11896
11270
11669
12866
13298
12262
12205
12914
11202
11295
11814
12844
10611
12364
11231
11591
12274
10705
11180
11684
12857
11244
12856
13036
11278
12425
10825
11782
12405
13385
12897
13298
12932
12702
10653
11173
12840
11252
12226
11864
10624
11770
11725
12915
12336
11754
12889
12894
9712
10701
11797
12394
12276
12408
11904
12325
11848
12874
14003
11870
12326
11288
10140
11345
11704
13436
11684
11656
11428
12227
12971
13609
12285
11615
12833
12360
14012
11899
11136
12226
11330
12926
12266
12349
12187
11693
12390
12445
11730
12341
11809
10596
12432
11289
10632
12930
12441
12291
11560
12732
10648
12841
13433
11309
12870
11739
12882
13491
13321
12254
10681
12976
11601
12280
12343
11353
13594
11246
8967
11411
12897
13248
12364
13886
11614
11356
12766
12488
11603
12239
12736
13493
12233
12258
12352
11123
10662
12999
12432
12504
10705
11347
12383
11808
11273
13925
11880
13360
11080
14202
11818
11219
10155
12148
13590
10692
11837
12402
13007
13024
11310
12306
12309
12306
12437
10479
12404
12636
12248
12974
11857
13300
12332
12312
12365
12974
14077
11955
12794
11353
10602
10136
11951
12939
12920
10760
10789
12334
12369
11850
13452
12348
13438
12874
12993
12399
12920
13461
11347
11329
11674
12284
12344
11861
11298
12990
10604
11871
13029
13531
10643
12522
13539
11221
13527
11929
10719
12990
10948
13018
12314
12343
10511
12730
13026
14098
12921
11910
12866
11354
11811
12220
11849
13007
13009
12281
12815
14027
11097
11269
12894
11810
13727
12849
11780
12784
12746
13942
11989
12993
11307
11889
12652
13021
10594
12493
11917
12904
13008
12351
12357
14242
13014
14166
11128
12483
13493
9453
12934
13457
12410
13664
10761
12995
12293
13940
11802
12998
12289
12655
12437
12808
13417
11351
12950
11729
11876
11950
12278
12314
12439
14045
13379
11934
11728
12905
12537
13559
11930
12400
12977
12979
12903
12431
10720
12432
12460
13458
11338
11204
11605
13472
13563
13030
11844
11209
13505
10748
11650
11919
12451
12967
12366
12880
11253
12521
13401
12385
13551
12835
12380
13472
13512
11652
12158
11134
10733
11779
11383
11660
13504
13524
12956
11520
11398
12475
12862
12358
12973
12261
12967
11373
13530
12985
12315
10869
12935
11400
12947
11652
11799
11863
12329
11789
11859
12415
11909
14601
12520
12456
10719
11835
11742
13510
13015
11860
11090
11833
12452
12980
10130
11882
13534
12502
10756
11725
13544
11584
12580
12315
11341
12374
11939
11822
11240
14002
14171
11396
11359
13014
11692
12150
11970
12874
10068
12394
12928
12387
12169
13567
11984
12988
13074
13348
10698
11189
12839
12874
13800
14094
10646
12224
10718
12921
13034
12475
13503
11944
13391
11836
13571
14042
13578
11918
11340
11872
11392
12422
14054
12523
12474
11232
12412
11865
14047
12998
11246
14260
12489
11751
12923
14087
11885
11251
14078
12917
10646
11908
13246
11896
13543
11217
11073
12973
14656
13468
14011
12500
13628
12318
12357
13041
11801
12527
13505
14062
12440
12930
12877
12919
13070
10856
12398
12413
12968
12881
11342
10306
11657
11833
12000
13498
13077
14053
13416
11825
12956
12898
13556
10358
11905
11756
12391
13503
12437
13052
12279
13600
13025
12510
13075
12905
13591
14043
12847
12911
12875
11830
13078
13483
12389
13517
13410
14035
12992
14674
14151
13576
12925
13966
10506
13071
13052
11932
13516
11666
12971
13528
11334
11981
12952
10738
14585
12982
13014
11828
12324
11297
12787
13059
13024
11378
11257
11836
10819
13633
12555
11808
12421
12969
10677
11954
11272
12986
13588
13569
12368
12438
12933
13589
12472
11717
14126
13493
11742
11252
13433
12822
12414
13029
13431
13462
11920
12993
12463
12464
12400
12352
11569
11229
12881
15170
12964
11451
13492
13684
12588
12865
11275
12598
13510
13077
12747
12470
13013
14159
12231
11839
11367
12407
14014
13615
13504
13062
13603
11823
13596
12455
13661
12295
13432
13470
13535
12961
14637
14111
13602
12991
12413
12588
13072
11278
12535
12439
12397
14704
13492
13109
10741
12529
10824
12387
13669
14236
11245
13009
13531
13705
13595
13110
12963
13057
12962
11323
11791
13578
12952
11306
13000
12344
12519
12946
13439
14034
10258
12857
14022
13559
13635
12925
11472
12939
14064
12896
13603
12542
13629
13531
12750
11857
12296
11323
11962
13448
14111
12377
12459
13689
12415
12292
11939
13673
12951
13427
13518
13048
11697
11862
13563
13607
12359
12309
12449
11920
11998
13074
12515
13554
11950
12823
13642
12952
11910
13070
13538
14109
12458
12923
13526
11310
12370
13591
12929
13021
14125
13100
13622
11874
12937
11083
10779
13565
12908
11433
12373
12559
12436
11431
14109
11355
12963
12363
13065
15215
11755
11894
10904
13619
13010
11798
12323
12976
12931
12939
14732
11883
12463
12537
11364
12980
12455
11491
11909
13604
13581
13605
14167
13532
14192
13581
12330
12866
13621
13501
12429
12995
12023
12924
12454
13590
13566
13630
11960
13305
13078
13070
12469
11355
12981
13563
12568
13128
12478
12456
13626
12429
12841
12352
13512
12046
12948
13616
12429
11310
