5745
2934
3482
3625
4596
4689
5260
3512
4074
3518
2452
5855
4024
4100
5351
2830
4735
4552
5277
5662
5832
4724
4666
5271
5102
3565
6358
5417
5322
4620
5777
6299
5849
7566
6934
7572
5906
7034
6883
6630
5772
7445
5395
7452
6984
5839
8157
6596
7546
6540
7594
7437
6449
7638
7042
7536
6392
7058
7517
7071
7077
7761
7694
7531
7611
7645
7108
6442
7105
8177
7485
7120
7511
7605
6536
6995
6596
8211
7528
6638
7568
7678
7014
6602
8134
6658
7514
7548
6986
7691
7774
7114
8212
8183
8155
7691
7092
9321
8758
7669
8077
8181
7086
8778
8314
8257
7247
7084
9471
8790
7538
8296
8840
7623
7709
8858
8318
7630
9167
8305
7684
8235
8766
9260
7739
9342
8737
8786
8156
9273
8204
9470
7764
9281
8793
8333
8762
8797
8783
8205
7653
9323
9459
7735
7770
8350
9489
9293
8867
8900
9358
8859
8154
8898
9468
7176
8847
8306
8904
8803
7680
8282
7742
8872
8208
9432
8749
9458
9875
8688
9910
8952
8344
9836
9432
9853
8768
8885
8911
8326
8364
9449
7785
8833
9792
8210
8328
8944
8342
9480
8880
8247
8965
9363
10003
8872
7761
8369
7778
9373
8160
9440
9428
8891
9874
8747
8888
8386
9987
8875
8910
9513
7818
9947
8745
8258
9441
8856
8818
9923
9376
7849
9932
9942
10071
9449
8245
9496
7804
9833
10018
9293
8426
10012
8373
9965
8915
8927
9342
8888
8190
9015
9453
9384
9397
8449
9999
8356
10349
8244
7833
9978
8917
9807
9491
8695
6616
8916
10517
8320
8891
8860
9460
8381
9425
9399
10054
9891
8894
10612
9448
9394
7768
9979
10481
8768
8906
10068
8256
8301
8930
9312
9002
10510
9939
9955
9459
10412
8836
7818
9382
8885
8318
10464
9405
9502
8927
10036
8243
10401
10535
8862
9388
10001
9920
9997
9013
9911
9538
9343
10414
8814
10023
10498
8420
9408
9406
9922
10598
10472
9425
9319
9906
10597
9387
8880
10068
10002
9885
9528
9390
8863
9903
9842
8916
9448
9890
10044
9393
10012
9444
9473
9408
10691
9895
9953
10483
9338
9885
10389
10502
9260
10461
9339
8939
8855
9405
9993
9478
10061
10011
9934
8894
9980
8313
9881
10607
9364
9343
9353
9970
9456
9382
9478
9955
9387
10009
9344
9848
9913
8882
9922
11098
10046
9920
10573
10475
9826
10434
9439
8771
9415
10413
11070
10360
10396
9933
8726
9292
10141
10107
9454
10528
9805
10459
9963
10496
9375
10472
8966
7861
8776
9831
9449
10519
10064
9382
9943
8766
9899
9465
9399
9410
8936
10503
9440
9842
8848
9470
10495
9931
9346
9410
10636
11047
9417
9983
9447
10071
10026
9356
11136
11079
9980
9344
10501
10991
10012
8841
10498
8897
9995
10100
10532
10039
10113
10062
10573
10089
8786
10079
10507
9209
9431
9023
10555
10508
11146
8244
11660
8919
11077
11668
10087
10591
9430
10584
10541
11174
11534
10148
10502
11082
10638
11026
11582
9887
11263
8967
10095
9887
10040
9349
10013
10545
10583
11481
10573
11027
9484
10413
9454
9831
8905
10618
9493
8821
10091
10495
11088
9537
10429
10575
9398
9999
11161
9412
9855
10015
10055
11697
11212
10556
11171
11503
9450
11138
10030
10008
11757
10426
11017
11232
11063
10665
10095
11191
10002
11132
10096
11678
11183
11069
10488
10633
9996
10554
11132
10549
10090
12183
11687
10343
10506
10514
11724
12254
11058
11132
11044
10568
11042
11692
11040
10640
10564
11069
8938
11694
9518
9477
12204
11191
9376
11162
10627
11113
10575
10462
10061
9963
10691
11159
9944
11136
9002
9426
11035
11176
9930
10474
11730
11106
12327
11570
12917
10550
10552
11533
10534
9862
8960
10003
8861
11571
12233
11566
10953
9458
10606
10580
11128
9583
11088
10576
11144
12250
10514
10725
9818
11672
10972
12163
10037
8943
10619
9982
10626
9456
11604
11669
10613
9963
9897
8971
10555
10432
10992
11138
9407
9521
10535
11073
11154
10571
9530
10005
10399
9911
12218
10049
11194
10599
10980
11161
9524
11116
12212
9897
11088
11528
11669
11672
11113
10072
11734
11102
11018
9992
11094
10588
9263
11043
10575
10979
11236
11729
12203
10461
10419
12714
10954
12679
11552
11681
12697
10581
11146
11101
12824
10427
8868
11163
11043
9453
11678
11106
10644
10424
9414
11043
10620
11646
12230
11628
10514
10504
9908
12237
9865
11000
10959
12191
12180
11623
11699
12108
10647
10555
10564
11524
11521
10467
11533
11267
10487
10480
10577
10010
10603
13444
12244
11135
10603
10051
10496
11659
11554
10519
11506
11102
10542
11565
12622
10027
13411
11751
12126
11013
12161
11630
13875
10522
11588
11113
9466
12819
11138
11076
11596
11649
10999
11016
11613
11181
12286
12175
11664
11670
10636
10079
12250
11144
11057
12135
10565
11173
11579
13236
11686
11703
11578
12193
11136
11097
11042
10559
10962
12729
11044
11617
9959
12225
12191
11618
10688
11585
11699
11062
11661
11593
11797
11456
11648
10009
10989
11092
13922
9953
11659
11067
12198
12729
12758
13139
12181
11093
12164
12075
12059
11739
10551
11646
11137
12238
11630
12151
11589
12631
11688
9894
12119
11036
12234
11003
11141
11721
12234
11083
11724
11597
12750
11698
9419
10564
11616
12162
12613
12683
11153
11542
13413
11611
11645
11622
12157
11600
13372
12162
10621
12185
10612
10591
10577
12248
12715
11570
11644
11215
13256
12205
12133
10452
10637
10486
10623
12246
11252
11678
12174
11192
12062
11099
12276
10596
10010
12148
12726
11551
13270
12136
12137
11635
11629
12199
9935
12232
10585
11037
12261
12203
13954
11623
12173
12774
13179
10095
12238
12215
12252
12127
12213
11624
11623
11696
12769
12767
10958
12708
11108
12142
11164
11571
12711
12151
11201
12711
12241
10556
13343
12200
11184
11137
12168
11589
12101
11616
11537
13296
11705
11683
12816
11338
12181
11682
11772
10608
12235
11594
12137
12784
12751
11092
10466
13258
11183
12283
12694
11707
11623
12136
12755
10052
12784
11106
11169
12716
11581
10667
11643
11681
11095
11194
10619
11687
11654
12321
11569
12228
11232
12628
10426
12265
12152
12270
11691
12773
12174
12156
11647
13319
13345
12204
12854
11803
11624
13218
12760
9464
10591
12746
11673
12747
12750
11082
11614
13266
12202
12237
10599
12241
11092
12181
11153
11177
11673
11627
12526
12828
11608
12782
12258
11671
8975
12614
10590
11591
11685
11722
12190
12688
12782
12201
12138
11707
12714
12047
10575
11546
12191
10600
13341
12094
11695
12251
10490
12196
12736
13248
12278
12133
11693
13808
12816
12240
10443
12786
13384
11197
11681
12291
11025
12199
12267
12687
11645
11040
12748
12222
10042
11607
12780
10489
10503
12683
13377
11633
11201
12022
11061
13419
10577
12780
12724
11631
11206
12728
13262
13203
12302
11089
12240
12078
11622
12743
12213
11142
10628
12833
11684
13340
12692
12214
9919
11665
12788
12271
12744
12215
12176
13299
13402
10494
11090
11758
12297
11138
11134
11067
12335
11136
11040
11703
12217
13418
10594
13913
12242
11140
10959
10780
12118
11035
12738
12751
12775
12248
10155
12212
11677
13782
10433
10602
13896
11647
11576
12688
11019
11083
12821
10616
11686
12733
12144
13314
11125
11696
12240
13290
11270
13345
12187
10502
12302
11025
11117
12314
12788
13910
12319
11668
11019
14926
11126
12213
12285
12157
11737
12180
13822
10532
11733
13355
11540
13323
12310
11704
13333
11595
9954
12748
12191
14394
12804
11704
11215
12211
10517
10657
12815
12788
13894
10548
13821
13276
12180
13262
12242
12255
13770
12193
10043
13144
12106
12141
12101
13383
11681
11132
12187
9418
12737
11156
12198
11639
12638
12688
13329
12647
12099
11619
12732
13830
11742
12295
12268
12753
11652
13336
12698
12808
13881
12868
13263
12304
12768
11136
11668
12797
12147
12801
12109
11622
12081
12855
12725
13273
11539
12789
12688
11189
13338
13848
11625
11744
11137
12194
12717
12733
12241
11132
12762
11725
12719
12840
11720
10514
11080
12229
13282
11696
13843
13289
12193
12224
12250
12766
12220
13353
12222
12745
13970
12284
14448
13759
12233
12074
11149
11100
11160
11122
13347
13302
11097
12779
12296
12139
12267
11859
13197
13865
11138
12161
11692
11601
12262
12197
12667
12132
12230
12678
12056
11157
12859
11706
13872
13371
13774
12292
11524
13360
13287
12816
12185
12572
12263
11684
12762
11700
13900
11581
12221
14979
12157
11664
12774
11670
10603
11135
13384
12191
13246
12858
12782
13779
12876
11019
14336
13248
11071
13901
11706
13204
9909
11714
12829
11043
11233
11093
11631
12115
13746
11126
11075
12263
12833
12763
11078
14491
12861
11709
12207
13308
13256
12760
12308
13983
14425
10996
13237
11728
11174
12171
13844
12318
12761
12140
12241
12227
13746
11081
12258
11158
11683
12715
14975
11877
13973
13290
11600
12125
11652
11241
12803
13905
12245
12205
13319
12280
11666
12684
13287
13403
11155
12195
12788
13283
13273
11678
12820
11724
13451
13905
11610
12183
12185
12173
12764
12639
12755
13898
10723
12703
12659
12270
13797
13844
11735
10522
12218
13287
12853
11616
12746
12812
11711
12165
12743
12649
14958
13852
11064
15054
12154
13361
12961
11573
14343
13272
11621
13935
12228
12239
12282
13336
12238
13826
12209
14414
11115
13826
13834
12881
12281
12730
12791
11309
12831
13286
13411
11614
13313
12257
12718
12767
11156
13333
12689
12209
13378
13348
13295
12263
12187
13311
13351
14316
11155
13336
11678
11712
12255
12138
13331
11630
11205
11643
12765
15033
11667
11606
12060
11664
12730
12725
12819
11198
12698
12215
13931
12780
13939
11696
12762
14450
12292
14303
13341
12819
13394
12752
12210
11088
10562
12713
13265
12734
14424
12706
13745
12644
12733
13277
12116
12890
12703
12087
11619
13781
12090
13815
12161
11653
13245
12207
12886
11728
13808
12650
13849
12743
13951
14407
12693
12810
12821
13909
11183
12739
14481
12805
12304
11085
11117
12749
12224
11177
12783
12187
9942
12812
11666
12189
13250
13177
12212
11586
11602
12244
11171
13327
13842
12194
11740
13260
12788
14934
13290
14423
14433
13849
11172
13187
13215
12788
11270
12693
12648
13904
13261
13299
13374
12134
13260
13213
12102
12805
9908
13762
12868
12744
13832
12835
12227
12855
13337
13372
13358
11560
12222
12732
14494
13231
12275
12315
13351
11122
12845
13266
13767
12151
12774
12089
12339
14349
12760
14406
13380
12195
11561
12183
12706
13361
13835
14447
12674
12307
12252
11809
12781
13387
13313
10900
12743
14372
12669
13388
13360
12207
13206
11667
14844
13307
12098
13335
12804
12872
12862
13344
12709
11699
12250
11648
13386
11732
12850
11293
12792
14421
12058
11083
11164
10984
12213
12751
11014
13343
13759
13249
13843
13830
14971
12693
12805
12224
12164
13855
12873
13821
14354
14917
13806
14378
13878
13327
13418
13315
14442
13887
11125
13837
11642
13786
11130
13817
11636
12215
12275
13364
15049
13280
13401
13221
11583
14522
13258
12243
12827
14821
12774
12747
13305
13904
12205
12795
13915
12272
14409
12221
12219
14971
13391
12811
13266
11738
10569
11687
12730
13315
13826
12223
13274
11751
11024
12095
12689
11599
12160
14975
13385
12807
14500
14423
13350
13271
12763
12255
12242
12223
13303
11042
12629
11149
12745
14470
12746
11692
13872
12689
12189
11119
13320
12297
13345
13957
15004
13788
12716
12736
13480
11142
14373
14471
12745
12769
11714
14416
12825
14381
15485
12850
11048
13339
13857
12741
12818
12150
12163
12156
11214
13306
13865
11705
14505
13319
12170
12703
12820
12707
12821
13848
14983
12147
12786
12802
12205
13285
11712
13915
12789
13382
12846
14955
12848
13367
13329
12338
12330
12724
14470
11576
12212
13339
13344
12166
13229
13899
12830
13980
12092
12841
13735
12752
13898
10559
12886
13362
14449
13364
13353
12797
12220
13301
12796
13406
12311
12228
12130
12832
13209
13282
12845
14448
12754
14364
13868
13374
12887
12263
14428
12801
11163
12729
14924
11611
14506
12824
12720
11669
12754
12176
12280
12858
13794
12218
13413
12790
12750
12231
12071
13303
13340
13339
12691
13291
14419
10549
13887
13429
11724
13889
13386
11779
12847
11051
13992
11617
12222
14446
11722
13215
13348
12128
12208
13147
11634
14440
13319
12737
12668
13300
11698
12777
12840
12842
12791
12755
13287
13898
13884
13826
13305
13780
11205
11018
13804
12811
12063
12215
13286
13770
12872
12719
14880
12674
14397
12184
11157
12774
13329
11550
12168
13847
14853
12241
12683
13263
12350
13844
13835
12721
13297
13469
12663
11638
13956
13818
12261
14439
13849
13310
13249
13815
12174
13891
12804
12233
12707
13873
12198
12099
12279
11252
13768
11981
12193
12796
12713
12279
13350
13299
13881
12774
12724
12807
13901
13250
13266
13348
13205
12195
13845
11739
13822
9971
12242
12755
13804
11658
13905
14330
13318
13128
12764
12704
12266
13950
13372
12230
12752
12681
14465
12311
11603
12744
11147
13904
12734
14432
12210
13917
13308
12840
12781
13233
11059
12330
13972
10588
13381
12304
13961
14927
13134
13330
11645
12253
12201
12829
13858
14365
11703
13285
14438
13336
10625
14997
12278
14364
11745
14485
11676
12208
13964
13406
12306
12286
12753
13486
12703
13331
14355
12839
13254
13931
12225
13891
12803
13369
13366
13280
12736
12302
12143
11637
11686
12804
12887
13286
13419
13387
13434
11744
12288
12743
13890
11077
12742
13846
11019
13284
13281
13766
12727
13393
13223
12721
12219
12794
13899
14987
15534
12686
15591
13346
11695
12708
12683
12207
12749
12840
13290
13303
12198
13242
11128
13849
13866
12800
12788
12274
13925
12242
14444
13895
12923
11554
15012
13263
14412
12237
13361
12841
13801
13333
12381
12222
12881
14515
12873
12790
14431
12729
13839
12864
12156
11668
12206
13957
12760
13896
13358
13241
13398
13953
12673
13304
12691
13380
12708
13342
13857
13803
11221
14395
12765
12727
10622
11671
15525
12812
12258
13744
13400
11046
12741
12301
12239
13898
12814
11716
14306
11030
11713
11060
12794
12632
13425
13290
12237
13896
12867
12778
12648
15546
10744
13839
12790
12725
11686
11661
13285
13350
12773
13284
13857
12734
13902
12760
11737
13842
13871
13365
12639
13821
13346
11022
13350
11700
13285
11654
12161
12222
13311
14461
12248
12797
12220
13848
12902
10023
12800
13313
11646
15531
10661
13418
13855
13426
11689
11574
13224
12332
13334
13935
13888
13282
13872
13291
12876
14382
13973
12807
12192
13925
14388
12855
13239
14467
14901
12755
13282
11689
13341
13897
10174
14421
11154
13275
13227
12736
12664
11131
13341
13315
13349
13383
12150
12298
13410
13894
14982
13349
13889
12239
12267
13209
13837
13215
12238
13362
13278
14871
13332
13353
13866
13327
13349
14488
13907
13278
12189
12799
14426
14442
13885
13301
13782
13878
14467
13289
12721
12214
13881
11183
13339
12737
11100
14353
14486
13867
15536
12225
13945
12727
12142
12228
13856
11609
12812
13840
14285
12811
13764
14371
12907
13275
12808
12184
14357
12218
12316
12324
12143
12727
13270
13948
12258
13908
11092
12241
12909
13839
13772
11034
14430
14488
13351
12036
12805
11665
12746
13950
11622
12814
13309
13274
12199
14969
14391
12627
12382
13808
15005
13253
13878
13900
15062
14350
11714
13297
13916
13285
13901
11022
13286
12215
12691
12705
12192
13373
14371
13922
13350
13337
13854
13815
13365
14349
13277
12812
12080
13255
14334
12719
13281
13357
14906
11071
13185
13271
13322
13915
13805
15039
13265
14514
15032
13359
13896
13824
12722
15537
12241
12261
14919
14019
13979
13864
12826
13314
13758
12344
13333
11078
11068
14343
12772
12780
12730
12762
13320
13344
13853
11623
14402
14986
11715
12695
12754
12721
13817
12251
14384
12324
13878
14440
12836
14963
13862
14371
13266
13938
14365
12237
12283
13858
12719
13359
12764
13190
12209
13231
14420
14532
12242
13903
11076
14996
12336
16022
13269
14411
12933
12700
13331
12787
12265
12281
12273
13823
13259
12759
11234
13306
13862
13176
12155
11101
13907
12816
12790
13316
12143
13845
11670
12769
13824
13333
13279
12811
13955
12780
13831
13874
12779
13928
13851
13381
13373
13365
12734
13758
14464
12744
13874
11562
12703
14491
15484
14468
14494
11635
13915
13727
14436
14953
13335
13871
11623
14444
12773
15009
13349
12800
13931
10672
13800
13806
13922
12185
13329
13937
13230
12144
12734
13346
12294
14957
12200
11158
12287
12870
11711
12772
12185
13874
13863
13831
11236
13369
15002
14426
12259
14392
13409
14932
12241
14912
12204
14942
14433
13799
12232
12211
13428
13279
14477
13394
13344
13220
13744
13899
13226
12311
11634
13883
13912
14470
13844
13792
11697
13355
14320
12858
12195
13840
13342
13831
12749
12746
14567
13379
13866
12237
11168
14920
13296
13913
13366
13307
12702
13348
12757
12780
12875
11626
13290
12876
13767
12820
13825
12194
13742
13888
12835
12225
11139
12785
14993
13381
13355
12246
12804
13199
12283
14487
11083
14880
14488
14340
13957
14422
13873
12747
13332
12862
13863
13838
15006
12704
12169
12768
12716
14474
12846
13894
14365
13452
12295
12758
12823
12150
12779
13323
13237
12326
12202
12197
12861
11543
13914
12066
13869
12300
11612
12743
11730
11063
12691
14987
14952
13375
13343
13867
13935
13900
13364
15004
13389
15548
13373
13364
13818
13268
12789
12756
13316
13887
14501
13861
13246
13134
13325
13857
12274
13896
12146
13850
13413
12841
14428
13830
12800
15048
13361
13862
13282
12799
13236
14474
13949
13360
13351
12740
13305
14465
13874
14491
12202
11596
12334
13292
13950
13894
14509
13893
11708
14393
15066
13900
13316
13410
13960
13337
12158
13827
13313
14475
15013
12798
12287
14445
12787
14932
12691
13310
13882
12262
13852
11765
13775
14424
13319
14919
15517
12720
12294
13871
14380
12199
13359
12842
11206
12783
13932
12763
13829
13290
14479
12816
12812
13990
13880
14503
15566
12216
14398
13812
12810
13280
13960
12191
14412
13305
14427
13433
13307
14408
12788
12219
13956
12276
13266
15551
12082
13343
13887
13320
13413
12826
13942
11595
13912
12299
12708
13839
13354
13823
15015
12265
13878
11714
13845
12721
14443
11735
14476
13365
12793
12885
13219
15044
13901
13847
14323
12305
12774
12291
12809
13828
13307
12309
12257
14365
13355
12812
14325
12780
13896
12906
13296
12170
13811
15008
14421
13413
12278
12722
13770
14480
12267
14340
12761
13350
12816
13842
13861
13861
14409
12804
12710
13321
12735
14377
11612
14439
11657
13887
12763
14405
14496
13392
16059
13856
14436
12243
13894
13257
12291
12743
13921
12766
11537
13868
13880
13375
12837
14443
14981
11122
11678
14973
13826
12708
13911
13293
12826
13349
14422
14384
13293
12687
13884
12011
11687
13861
13377
13345
12695
13254
12204
11662
13889
13761
12773
13341
12248
13278
13297
12775
13749
12578
13358
12777
13285
12839
13834
12882
13355
12107
14356
10495
12731
13931
12251
11795
13938
12846
11652
14994
13934
12830
13908
11145
13317
13909
13858
12820
14440
13364
13284
14440
13987
13363
12783
14351
12731
13352
13254
12703
14410
12621
12834
13845
13334
13943
12296
13827
12694
12980
12665
12756
12810
13279
13881
14901
13291
12781
13788
14473
12810
13912
12823
12272
13940
14455
15004
13840
15438
13373
14505
13304
13357
13917
11793
12686
13368
13868
13345
13274
14418
12706
12236
13281
14396
12900
13355
13282
13359
14978
13938
13295
12181
12285
12274
12752
13423
10484
11609
12793
13898
12737
16631
12238
12766
12824
13234
12748
13292
13279
13450
13853
13315
12149
13903
13884
12725
13292
12752
15071
13346
13943
13892
13960
14331
12247
12693
12170
12799
13326
13874
14428
13304
12170
12775
14509
13767
11564
13471
13852
12784
12821
13948
13308
16092
14997
12716
13910
12717
12683
13273
12330
13392
12722
12254
14855
12798
13292
13193
12758
13339
13940
13290
13197
12847
12336
11621
13782
13802
12807
14911
13844
12853
13892
13307
12318
14971
12770
13279
13880
12056
13846
13199
10536
12844
12234
14980
13356
11785
11802
12246
12771
12812
12879
14424
12715
12318
13374
14351
12319
12758
13345
14332
13807
13421
16062
11575
13904
13306
12238
12788
11659
15496
13361
13367
12768
13276
14376
12725
12790
13954
13910
14990
13426
12721
13298
11723
12264
11128
14926
14950
14437
12813
13909
12286
13868
11651
12270
13250
13916
13370
14392
14433
13890
13904
13851
13368
14355
13848
14977
14348
13346
12927
12730
13343
13380
14470
12840
12375
14895
13840
12742
12849
13351
13919
12222
13319
12191
12818
13299
14329
14450
12860
13345
13820
14538
12727
13693
11700
15042
12209
13853
13410
15564
13862
11756
14907
13933
12217
12709
14980
12136
13891
13789
12226
14969
13216
13900
14473
14448
12738
14448
12818
12844
14939
14378
12140
12796
13384
13888
13288
12738
12689
13879
11309
11685
13319
14951
12201
14426
12696
11039
13390
12865
13389
13902
14945
13921
12862
12728
11669
13378
13898
12663
11632
13357
13343
13840
12893
13798
13846
13416
13241
12838
13283
14991
12210
12813
13418
12837
12795
12752
14488
11586
12258
12152
12178
13854
12787
14436
12766
14380
12165
12343
13274
13882
13987
14438
14409
13431
13825
11746
11140
13346
13913
14419
13249
13283
14352
14495
13863
13843
13910
14523
12812
15068
13842
12771
14979
14493
12599
13308
13204
12607
13295
14404
13339
13914
13875
12235
13365
14447
12615
12679
12228
13924
11722
13397
14938
14353
11747
15525
13848
12770
13877
13859
13360
13415
13305
13967
13247
14431
14860
14372
13266
12823
13211
14445
12242
13348
15011
14389
13932
12696
12210
14987
13816
12907
14905
15107
11131
13368
12211
14458
10614
14393
14430
13343
13925
13888
14432
13831
13327
14477
12808
13460
12114
11632
13303
13300
13828
14347
12810
13386
11727
15037
12732
13184
13837
12705
12175
14970
13918
13771
12807
12800
15046
14463
12693
13843
14914
12084
14381
13444
11579
13292
12186
11751
11704
12768
13351
14971
12211
14375
13817
12274
13908
13192
11723
13936
12244
13305
14464
13854
12748
13338
13893
12762
13827
12821
13396
12119
12775
13834
13244
12155
13201
11023
13946
12151
14393
12286
12312
13329
13903
13241
14449
13910
13464
14359
12967
13371
13895
13292
13727
13368
12692
12229
15541
13921
14401
12625
13230
12194
12688
13371
13167
12206
15533
13834
13906
13877
14388
13856
12290
13897
13872
13309
15018
12771
13306
12679
13821
11574
13314
12796
12711
12700
12194
13797
13778
13392
13896
13183
12826
13429
14415
12202
14410
13359
13276
15507
13873
13821
13976
12755
12919
13222
13815
13385
14468
12255
13933
12703
13964
12371
13362
13890
12778
12265
14888
12879
11573
12791
13242
14339
13335
15016
13291
13369
10636
12152
13852
13802
11710
14890
13302
13382
14347
13941
13929
13362
13362
13300
13363
14492
13873
13379
12212
13882
12801
13815
13965
11666
14367
12260
12828
13865
13820
13884
14376
13914
14450
12739
13421
13280
13298
13848
13233
13233
14431
13907
13812
12770
14403
14370
13803
13850
12264
13438
13971
14478
14426
12726
13891
12804
13411
13811
12841
14404
13407
13294
13920
11752
13328
13269
13940
12745
13306
12692
13882
12781
13406
11716
12682
13297
14854
11029
13305
12840
12332
12741
12665
14842
14478
13325
13347
12742
13840
13195
12199
13779
13799
12159
13386
12912
14460
13712
13838
12733
13924
11611
13844
14407
13347
13832
13930
15006
12864
13909
13936
12842
13826
14376
12755
13908
11625
14984
12197
15508
12302
13347
12787
13315
13903
13829
13887
13988
13389
14974
13303
12838
12713
12804
12808
11698
12406
12736
12069
12165
13910
13350
13861
12282
13309
13951
13309
13299
12861
14379
14912
12823
14423
12829
13874
12249
14479
12817
13384
13852
12707
14358
14439
13373
14374
12794
13844
14413
14984
13888
13882
13881
12282
12867
13869
14990
14936
12822
13219
13301
13798
14466
12753
12810
14417
11675
13381
13919
11706
12210
13299
13963
13871
11753
13250
15013
14464
13312
14450
11724
13241
13361
12684
13738
14468
13833
12861
14467
13874
12251
15020
13357
14435
12711
13813
12902
13215
14329
14969
13382
14356
13320
13389
13307
13309
13877
14386
13917
14462
14485
12775
13264
13387
12251
15049
13339
13208
14498
12861
13970
14403
14489
13422
14463
15052
14953
12869
13395
13291
14455
13225
13251
13399
13351
12777
14434
12737
12218
13365
13300
13796
14943
12273
12764
13892
14371
11700
13405
11633
13300
14967
13826
12865
13286
13430
13223
13201
13275
12204
13395
12705
13789
13837
13794
13386
14470
12866
13353
15013
13279
13334
13362
13877
14460
13848
13432
12749
14392
13442
13824
13245
14476
13418
11680
12713
13385
12284
13809
13927
13257
12239
13963
12827
13297
13326
11646
11217
12894
12724
13334
13334
13226
13286
13909
15573
12798
14987
13873
13299
12182
14864
12877
12800
12266
13204
13843
11783
13391
12322
13900
14412
15477
13297
13288
11025
12749
14294
12736
13906
13421
12681
15037
13287
13354
12810
13925
11634
13369
13298
14991
13925
13360
12130
14451
13862
12850
14980
15491
12735
11656
13245
12788
12152
14456
13466
13339
13278
13288
12728
12804
15052
13907
14344
14901
13256
15540
13301
12842
12201
11580
13258
14978
12795
11703
13893
12854
14364
13277
14016
13249
12750
12756
12872
13913
11671
13281
13912
13867
13423
