4033
3477
4164
5837
4117
5874
5893
6424
5202
5178
7012
6443
7071
6468
7219
7096
8147
7722
6556
7697
7683
8310
7626
8770
8263
8381
7829
8946
8974
8437
10603
9389
8441
9590
8458
7718
7885
8975
8837
8439
8970
9034
8964
7692
8828
8368
8416
9042
8967
9017
9075
8795
9408
9524
8862
8990
9441
8849
9596
8440
8370
7333
8851
9014
8496
8250
9394
8471
8471
8911
8931
8467
10521
9605
9059
9002
8299
10120
10078
8896
9564
9078
9642
8933
10694
11050
9035
8491
10693
9907
8491
9578
9551
7805
10657
9434
9062
10196
10078
8540
10138
10131
9945
9036
10120
9613
9943
10670
10047
10624
11250
10109
9645
10728
9995
8992
11210
11729
11088
9979
10666
10617
11258
10135
10171
10180
10724
11266
10738
11747
11264
10134
11312
9030
11636
11265
11212
11290
12311
10103
12296
9657
11018
9412
11795
11121
8469
11070
11701
11803
10144
11279
10727
10672
10688
11219
10735
11719
10756
9673
10188
12420
11904
11152
10789
12349
11271
10642
11232
8921
11249
12773
10787
9685
11822
11770
11099
11712
10663
11622
10446
9650
11769
12328
11707
11812
12783
11727
10715
11192
11236
11714
11660
10770
11749
12716
12769
12832
11732
10707
12850
10570
10712
11855
12207
12321
11149
11797
10589
10653
11687
11283
11199
11354
12913
11757
11704
11776
10169
9601
12834
11242
13354
11166
11771
11701
12234
11759
11855
12235
11195
12774
12254
11784
12870
11212
10552
12311
11748
12222
12901
12722
12832
10201
11819
12307
12419
11776
12301
12863
12263
11213
12771
10794
13395
11259
13973
12344
11656
11664
12906
11698
12269
12850
13329
13267
12839
11191
10026
11309
13321
10707
10616
12207
10698
12293
11655
12240
12287
12894
11875
11831
12219
12879
10107
13922
11155
13917
11102
12322
12757
13911
12363
11780
11753
11675
12894
11789
10653
11730
11837
12424
11788
12776
13945
13323
12797
13326
11265
11700
13806
11654
11226
12252
13875
10581
12249
12907
12844
11214
12283
12746
12718
13466
12780
12289
11852
11778
11727
12849
11704
12882
11086
12691
11737
11528
11169
12922
12857
12818
13435
12207
12880
11128
13825
11185
13360
11770
13334
13286
11769
11811
12918
13305
12425
12842
12382
11686
12273
11673
13458
12295
13362
11790
13898
12821
13284
12740
11737
12812
12415
11234
11812
11819
11688
10685
11696
10583
13348
11653
13413
12162
12914
12933
12720
11761
12889
13882
12760
12313
12205
10682
11704
13880
12853
12866
11693
12922
12884
13948
12762
12318
13404
12912
13321
11707
14431
11149
11765
12196
12190
13886
13371
12308
12815
13912
11733
13902
13359
14388
13306
12880
11682
12725
12380
12224
13290
13949
11185
12829
12326
13486
12833
13360
9578
13985
13291
11251
13373
11188
11685
11674
13910
12828
12298
13353
13798
11703
12335
13313
12851
12325
12791
12194
13290
11609
11733
12834
12786
12834
13255
11712
14982
12829
12762
14921
13931
13361
11765
12234
13966
13363
12252
13293
12766
12865
12768
14458
12189
13375
10664
13321
12257
12294
14404
11808
13405
13401
11640
11220
11101
15003
13854
12747
13997
12905
13884
12367
13374
14945
12785
12195
12714
14395
14467
13953
13935
13834
11141
13331
13875
12752
12798
13369
11720
12764
13866
11636
13468
13322
13238
12788
12892
12744
14444
12748
12850
13982
12873
12830
12810
13919
12818
14460
13855
12330
13216
13352
11696
12254
14490
13412
12725
13334
11738
14461
13339
12902
11124
13936
12713
13458
13794
12839
10668
12174
15016
12882
12810
13483
13359
13349
14421
13753
13403
13379
12251
13367
12226
12298
12298
11710
12799
12822
12168
14389
13255
12236
12180
14404
13405
13810
14369
12794
13326
12262
13853
12264
13372
11101
11672
13412
14434
13334
13327
14423
13225
13993
12830
12885
11661
11735
12920
12225
12920
13976
13875
12629
13276
12831
12207
14020
13304
15569
12760
12697
13869
15026
13214
13382
13999
13409
12754
13832
13300
12258
12175
11759
12804
12796
13866
13294
14405
11640
14512
14940
13805
13868
13347
13288
13275
14883
12214
12718
11793
11164
14384
13875
11098
10640
14411
14357
12787
12827
13927
13878
13362
13899
12847
12848
13975
14552
13387
11126
15073
14874
13400
15018
12230
13233
12874
14006
12880
13913
13958
11536
14384
12133
12864
13913
13819
13932
13898
14962
11294
10658
14449
13404
12819
14499
10525
12329
12164
13312
10441
13811
12275
14394
13874
14462
12205
13319
13873
13325
12723
12869
14405
11611
13384
12724
13882
13947
14965
11712
16009
12749
12753
11613
13288
14492
13431
13933
13800
14405
13321
13864
13165
12221
14481
13823
14919
14384
12171
12254
12735
14489
12236
12845
13863
14428
13310
13376
13340
12819
13383
15001
13245
13396
13294
13343
14966
13867
12260
12771
13333
12720
13916
14934
12191
12821
11072
14430
14946
15016
13899
13910
13255
12871
13789
15009
13867
15041
14354
13878
14359
13257
13392
14998
14412
13345
13433
14471
13297
13287
12900
12816
12759
12745
14352
12842
14872
15077
12725
15006
13336
12796
13385
12213
13230
13263
13974
12698
13380
13888
13402
12136
11765
12687
14333
12782
14439
13895
13730
13322
13890
13336
13367
13912
12870
14480
13249
12759
12908
13841
13367
14431
13896
13878
13927
13912
12191
13929
12368
13348
13311
13343
13926
13266
13785
14431
12810
14512
13419
13242
12075
12349
13870
14942
14352
13286
13380
12950
12799
12744
13938
12854
13780
14360
12244
13915
13370
16143
12198
13351
12269
13918
13908
14447
13303
15009
13288
13270
13370
14361
12217
13376
13241
13318
13974
13976
15499
15006
13854
13889
13915
12784
13785
12768
13829
15036
13970
13282
12287
11107
13919
12767
12777
14023
13269
12198
12297
14444
12781
12203
13936
13497
13371
13868
14428
14464
12365
15504
15034
13832
14374
14327
13769
13311
13871
14297
12834
13887
13357
13923
13803
13313
12637
14979
15032
11725
13870
14429
13344
15555
14915
12327
13295
14513
14949
13210
11830
12878
13266
14431
12216
13241
11766
13279
12765
11684
13901
12433
13233
13858
14379
12693
13923
11667
13341
13418
15533
14393
12788
11708
13843
13857
13391
12189
13358
13266
13332
14405
15548
13851
14466
15054
13278
12706
13973
14939
13905
14442
13364
11592
13274
14977
13334
12798
14941
13353
14545
13328
13254
13894
13314
13969
13946
13832
14912
13791
13891
13859
12812
14390
13873
13318
13398
15555
15079
12700
13375
14458
13305
11722
14470
13442
13392
16112
12231
13858
15486
12684
13363
13952
13424
14397
12410
14380
13843
14482
14442
13825
12339
13801
12816
13959
13366
14330
14921
13400
13331
14968
12686
14530
11637
13942
13880
12114
13909
12869
12305
13317
12268
13981
13812
12805
14924
15027
14996
11138
14373
11610
14417
13282
15051
13905
13313
15466
15525
12791
13915
13688
13356
11640
13271
13377
11663
13874
14393
13926
13449
14949
12319
14476
12801
13447
11732
13320
12825
14890
15507
14482
13282
12851
12617
13867
13320
13776
13790
13271
13985
13343
14474
13381
13868
13818
12317
15509
14434
13370
13264
14465
14927
15642
13808
14503
14525
12273
13299
13392
15548
12854
13808
14929
14414
14414
13423
13752
12810
13247
14387
15047
14022
14400
11622
14475
15016
14915
13847
13277
13890
13855
14429
12333
13975
12703
13315
13903
13818
14352
13811
13249
14926
14489
13861
13335
14414
12253
15102
14407
15008
13363
14387
13815
13184
14458
12155
13315
12636
13914
13862
14478
16055
13857
14456
13861
14919
12893
14987
12208
14482
13325
13330
12806
16046
13917
13872
13427
13415
13941
14990
14503
13829
13436
13941
13427
13868
13192
13774
11691
11796
13832
13259
12776
14351
12858
12799
14409
14928
12767
15010
14368
12830
12824
14366
13402
12930
13825
12744
14965
14925
15543
13326
13390
14950
12782
13264
14294
13330
10641
15039
13361
13887
14379
12802
13325
15005
12358
14491
12674
14368
12819
15010
14330
14466
15497
13834
13303
14414
13352
12240
14896
12758
13877
13866
12325
13879
14461
14367
14339
15506
13877
15494
14372
14379
12881
14355
15018
14896
13825
13335
13860
13389
14951
13902
14375
12785
14411
14457
14879
16055
13354
13358
13883
14385
15510
13830
13919
12289
13871
14931
13847
12086
13390
15515
12797
13340
15055
12953
12157
12786
15497
13326
15407
13369
13269
15610
15009
14006
13358
13831
14994
13933
12240
14469
12826
15527
14460
13805
14413
14431
13310
14372
14469
13924
14410
15518
12658
12751
11657
13432
15483
13380
14398
14994
15003
13893
13229
13825
15556
14962
14487
15454
14341
14434
14472
15501
15012
13286
16043
15002
12767
14468
14395
14925
15493
14949
13383
13268
14437
12739
13846
13939
12274
13911
14470
15545
11142
13872
13173
11591
14942
13378
12835
13282
12682
13243
16118
13923
14002
12205
15076
14393
14984
14984
11130
14404
13422
14439
13420
16100
15046
13850
13314
13332
14355
14356
12715
14464
14481
15564
13343
14452
15019
13829
14985
14497
15568
14968
15526
13916
13821
14372
14357
14396
14399
15044
14512
14455
13341
14419
12819
13914
12726
13921
14954
13442
13879
13793
12129
12713
14406
13362
13905
13872
14502
15525
14921
13894
14997
13900
13856
13375
13363
13878
16051
13281
12916
13322
12209
14416
12781
13318
15566
14400
12881
13914
15519
13776
14487
14408
14426
14343
14967
12707
13782
12732
12855
13357
12218
12772
14326
15457
12878
13341
14372
14410
14992
13977
15000
14979
13747
13959
15018
15008
13309
15050
14984
13337
15021
13280
14390
15009
14946
13780
13974
14991
14412
14973
15030
12838
15518
12803
14397
14458
14422
12064
12353
13361
12159
13874
13319
13327
15945
13855
12822
12200
14424
13831
14984
15452
13137
13865
12718
15045
12852
14965
12842
12796
13905
15467
14965
14387
13865
14377
14320
13328
14971
13223
14391
13785
14483
12752
15017
14364
15555
15515
15514
16119
14934
14467
14330
13857
15028
12263
13346
14462
15032
13335
15507
13843
13408
15528
13179
15046
15011
14415
13322
14936
14546
13791
13867
16622
14915
13239
14476
12762
13868
13365
13811
14921
13934
13991
12294
13386
14881
13367
13399
13921
15050
12764
15523
12345
13296
12921
13908
13282
13867
15421
13872
14424
13323
15525
14966
13777
13400
15528
13809
15494
14459
13886
12339
13888
14459
13882
13310
13462
12174
13865
13906
14983
15985
12138
14400
13868
15022
12681
12818
13321
14422
15071
13894
14461
15056
14518
13228
13361
14428
14507
14447
14435
14459
15006
13273
16039
13326
13305
14412
13811
14995
14405
13825
13349
13321
13329
15539
13840
14965
14407
12176
14402
14954
13744
13933
14451
13851
12748
14366
14442
13860
14943
14915
14422
14951
14923
14393
14448
13252
12799
15476
15018
12290
14370
14972
13293
14911
14983
14432
15010
13922
13442
13394
15534
12656
12808
14954
14927
13819
13912
13328
10546
15490
14935
13872
12800
15525
13823
13350
13832
13862
14449
15596
14372
14363
13865
13805
13414
14378
13342
14939
15494
14393
16097
13989
13913
14367
15018
13903
12698
15505
13831
13278
13912
15527
13430
14381
15024
14944
15017
14394
14897
14982
14464
14525
14375
13839
13889
14499
14975
12762
14912
14433
14963
13334
13303
15544
15539
14482
15541
14315
12845
13779
14477
14359
14946
13883
12876
14482
15016
13807
15559
15464
14971
13256
14480
14341
14397
14933
13933
14363
15491
13923
13873
15488
15538
14470
15428
13945
14970
12757
13339
14978
14984
13432
14362
14925
13926
15014
13461
13890
14416
14986
13759
13859
13785
15032
13313
13896
13932
15002
13165
14422
12747
14432
14412
15524
14480
14372
14273
14374
12726
16054
13255
14988
14502
13343
14959
12750
13954
14893
14501
14388
14454
13958
13404
14510
14897
15537
14950
14944
12726
14407
14503
14939
15023
14984
13908
12673
13852
14478
14933
14379
14533
14492
14356
15520
14967
14894
13897
14433
14924
15558
12778
13887
13888
13399
14967
14406
12128
14488
13868
14437
14998
13436
15040
14320
13771
13831
13917
15492
13846
14986
12779
13268
13265
14410
12260
14443
13838
14910
12248
13308
13262
14924
13363
12853
13873
14390
14867
13887
14317
13944
13348
14347
12744
15538
13326
13983
15498
13363
12652
15037
13819
15570
16009
12873
14973
16053
13321
13307
13869
13920
13284
14944
13325
15539
14497
14988
13905
14371
14940
14453
12202
13220
14445
15595
13767
13360
13900
15458
14463
14420
14423
12732
16062
16020
15468
12934
15579
16100
14924
13261
14497
13378
13903
16648
14987
14986
15520
13813
14947
13369
14454
13344
13888
14425
13412
14911
12642
13250
14410
16109
15012
14903
12829
13905
13930
14471
13730
14401
13783
14349
13753
12797
14957
13963
13856
15469
14407
14961
13947
16086
14439
14456
13383
15001
14904
14907
13935
14961
13759
14438
14912
13334
13282
14407
13390
13854
14510
15442
15532
14464
14326
13370
14948
14353
14369
14436
13850
13908
14481
12667
13913
13885
14389
14995
14937
13964
14915
15016
14932
12786
14941
15481
14945
13352
13808
12818
14420
13934
14471
13302
13906
13816
14389
13822
14432
15473
14471
13200
15001
14394
14308
13843
13808
14364
14933
13328
13302
14441
13861
15009
14496
15038
14947
13397
12218
16010
15558
16040
12818
15508
15466
13828
13895
15034
15476
13895
14870
13803
15022
14382
14924
11652
14897
14964
14262
14417
14385
13863
14971
15550
15023
12125
14973
13798
12884
14911
14437
13893
12624
14944
15477
14431
13121
16078
12611
14458
15578
14014
13335
14930
14393
13263
14942
13954
13304
14963
14499
13752
13319
12716
15022
14431
14976
16033
14360
12701
11805
14927
13929
14433
15490
13339
13348
15012
16046
14969
14382
14461
14475
15505
12163
14418
14465
14338
13271
14461
14380
14444
15030
15012
13278
13890
15441
13918
15009
14987
13448
13865
14982
14994
14472
13871
14310
14376
13933
13282
13289
14988
14892
13313
13410
14956
12778
14492
15536
14953
13823
14324
14375
14304
13915
14906
13832
13858
13886
13962
15499
14910
13433
12723
15569
12831
14411
14889
14389
13860
14426
14418
15548
13376
14462
13824
14965
13851
13377
12684
14447
13950
14385
14923
14962
14937
15046
14506
14339
15018
14918
13352
16079
15574
12837
13881
14390
15498
15038
12816
14383
14370
15564
13332
14921
15475
14375
16003
14940
14317
14379
13320
14469
14374
13890
16029
14429
14473
13905
14399
13306
13914
14961
13859
14897
14930
15475
15521
15547
12796
12824
13757
13298
14966
13813
16102
16060
14360
12772
15008
13889
14986
14358
14928
13905
14449
13826
13333
15585
13809
13279
13930
14449
14441
13753
13830
15000
14414
13298
15514
13277
13848
14964
13863
13374
14960
13285
15420
14384
14347
13373
14939
14381
15567
14385
14469
12777
15476
13389
14429
14918
12779
14417
16053
14440
13886
14295
14964
12837
13346
16105
15502
14925
13396
14958
15517
13410
13267
13344
13882
15477
14433
13822
14471
14826
13489
15488
14421
14957
13205
14897
14466
14920
14419
14937
12735
14437
16068
13407
13844
14483
14896
13707
14936
15473
14937
14441
13972
14934
14337
13974
16081
13794
14974
14956
13800
13918
15569
15498
14456
14337
14933
15479
13805
15414
13269
12722
14911
13758
13944
14391
13839
13304
14930
13977
14961
15009
14520
14453
14455
13868
16046
15564
12392
15004
13240
13694
15547
14449
13880
14451
16591
15474
14448
13888
14464
12835
12739
13287
13301
13313
12773
13418
14444
14888
15039
14390
15037
13892
14413
13881
14949
15000
14445
13341
16032
16106
13914
14983
14412
13885
14402
13885
13368
13867
13824
15472
13876
14309
13349
16013
13904
15460
15449
13888
14413
14446
15442
16055
14279
15043
12774
16590
11689
13816
15517
15589
13850
14439
15431
13825
14475
14939
14936
13908
15001
13343
14982
16058
14911
14491
13278
14337
13287
13330
14468
13901
14405
14913
15523
14970
15504
14335
13918
14348
13780
13335
14435
15484
14502
12875
14397
14991
14477
14977
14882
14370
13940
15004
14960
14500
15481
14336
14968
16595
13830
13305
15506
14974
16013
13357
16098
15558
15540
16085
15045
13364
15449
14958
14874
14951
14477
14326
12816
14376
15511
14358
15026
13820
14462
15487
15422
14471
15482
13771
13275
16056
13365
14960
14316
14446
14893
14834
14970
13353
14913
15449
13385
14386
13820
14389
14956
12776
12851
14437
13385
15016
13429
13778
13877
12774
14374
14349
13275
14465
13798
13295
13264
12668
14915
15444
14361
14435
13950
15575
14496
15518
13852
16059
13236
14912
14912
13469
14976
14295
14467
14939
14957
16018
13938
13298
14473
14436
15562
15010
13836
13392
13256
14990
15535
13846
15007
14835
16076
13991
15548
15101
14952
15543
14460
14456
14361
14363
15443
12815
15607
15491
14452
13374
14911
14406
14384
13330
13262
13378
13927
15543
15439
14385
14445
14415
13260
13818
15446
13871
14440
13308
14920
15462
15478
14531
14949
14954
14389
15060
13889
14343
14359
14441
15491
14380
13851
15012
16033
13874
14836
13837
14422
14421
15450
14993
15533
14410
14874
16622
13863
15534
14402
14518
12306
13808
13852
13470
13856
14413
13975
13285
14544
13872
13867
14990
16568
14947
14989
16010
15470
15005
14458
15002
15433
13838
13800
13961
13254
12778
14441
14953
14524
14970
14431
15514
14358
13887
13380
14935
14427
15451
14399
13374
12876
13883
13805
15037
15030
14943
15482
15529
15497
15592
13867
14424
13333
14359
16020
15418
14940
14335
13315
15020
15008
12706
14903
15441
14322
15017
15573
15541
14422
14994
13289
13858
13802
14468
13788
14456
14959
15001
15008
13967
15520
16123
14978
14995
15538
14893
15568
14964
15489
13827
13827
14935
13818
14901
16011
14515
14935
14986
13340
15003
15508
15464
14516
13910
15027
13311
16035
14853
12802
15024
14939
13963
13827
13829
14972
15552
13989
14914
14332
14942
13894
15001
12277
13911
13804
13946
13861
14821
14911
14450
13348
16093
13877
14333
16033
13832
13369
14460
14371
14373
14423
15496
15505
15484
15498
14961
13759
13271
15495
12722
12792
14936
14335
14914
15527
13347
13253
13864
14453
14393
14476
14407
14419
15493
13309
14434
14991
15004
16018
15523
13360
13841
14460
14953
12841
14450
13868
13380
15000
15565
13797
15531
13327
14379
14397
13364
14866
14947
13882
13911
14995
13830
14388
14921
13807
13820
15554
15008
13356
13933
13781
15547
14455
13869
13851
14985
14406
14953
15515
15511
13900
14934
14389
14345
13826
16068
16074
15033
14958
14395
14461
15534
15561
14453
14975
13362
15466
14986
12736
14945
12723
16123
12783
14521
15555
14429
12852
14936
15540
14907
12766
13866
14986
13394
13748
12745
15455
13880
13250
13858
14936
14980
14283
16007
14481
13857
15520
14968
14907
14905
15482
14446
15416
14381
14396
13863
15481
14439
15000
13272
14438
13344
14893
14873
14361
13388
14994
13210
16050
13838
14425
14987
13379
14923
14477
15075
12235
14400
13928
14435
12830
15530
13874
13303
14420
14413
14370
14462
13296
16108
16124
14387
14415
14443
14908
12706
14955
14865
14433
14425
14935
16009
15534
14517
13921
15497
15025
12212
13882
14930
16024
14972
14318
13767
15017
13898
13923
12852
14450
15013
14407
13424
15052
15516
13736
14413
15007
16045
13820
15049
13280
13892
13863
14904
14929
14951
14911
14335
13877
14482
16005
14920
14979
12265
14437
13803
14296
16066
13377
14401
13824
15432
14434
15529
14943
14906
13851
14906
14402
14488
14455
14380
14859
15533
13921
15569
16062
15464
15519
14940
15456
14429
12778
16066
12793
13332
12870
14989
14988
13793
13449
14433
12719
13840
14949
13880
14961
13940
13896
14420
14407
14975
14432
15512
13213
14970
13835
14947
15524
15557
13327
13906
14448
15549
15434
12278
14302
15434
12754
15504
15001
14928
16058
13795
13841
12702
14975
14453
14367
15002
13954
14903
14395
15518
13866
14402
13825
13363
16009
13359
12862
15444
16050
14956
15504
12173
15438
14941
14980
13857
15511
14940
14982
13942
14369
13907
14377
14393
12701
15519
16060
14364
15487
13777
14353
13837
13939
13923
14433
13844
14433
14339
16075
13374
15506
14358
14924
15521
13848
13213
14425
14982
15008
13920
11762
14410
13836
15463
13830
14941
14910
14429
15454
13381
13898
14367
14404
15996
14972
14948
14979
15621
13362
13871
15578
13977
14947
14925
14468
14957
13839
16056
15481
14383
14307
15509
15563
13969
16061
14947
13910
13834
16065
14425
14327
15004
14935
14856
13892
13865
13777
13869
14959
15549
13883
14925
14449
14880
13865
13294
14274
15004
13374
14407
14906
13938
14964
14350
14366
15529
13844
14454
13857
15536
13304
14385
13857
14262
14398
13907
14959
15000
13823
12752
12696
14902
16061
13720
15072
13745
14385
14492
15981
15520
15032
14503
13960
16026
15528
15007
14904
11589
16076
12785
13360
16103
14349
15446
14391
13927
15562
13909
13782
14456
14969
14397
13861
16103
14399
13307
13267
14899
13937
14470
15062
13314
14403
14361
16031
15056
14871
13317
13806
12644
15004
13874
12917
14411
13804
14462
14399
15021
13863
13951
13844
13428
13271
13835
14918
14406
16034
15538
15484
13889
14985
14494
14431
14478
14836
14930
13857
13857
14448
15000
12854
14821
14931
14442
13847
14433
15525
14971
16602
15434
15520
12780
14941
15463
15478
14953
14984
15536
14430
14955
14541
15491
14981
13244
16019
15542
14436
13696
14947
14956
16061
14978
13867
13860
14954
14438
16028
14384
16054
14381
15008
14390
14540
13389
14431
14490
13293
13888
16091
14368
15502
13875
13837
15545
13336
13856
13864
15481
14886
13909
15452
13310
16617
16089
15001
15507
15461
14377
14365
15003
14907
14963
14316
15021
14358
14980
15017
14910
13877
14898
15553
14260
15587
14955
14318
13762
14890
15536
14373
15022
13846
15458
15000
16077
14924
15512
13826
14490
14311
13845
13889
13784
13245
15461
12802
13889
13815
14424
14439
13314
14405
14919
12778
13910
13895
14483
14986
15525
12782
12749
14375
13347
15978
13866
14962
14386
14910
14349
14448
15449
14908
14392
13882
14368
14395
14360
13380
14423
15427
14365
13876
11724
14916
14989
14969
13792
14979
16615
14332
13879
13313
14907
13912
16069
15492
14438
15570
14515
14914
13841
13301
13840
13779
13799
13949
14960
13862
14351
14943
15399
14925
16065
14425
15576
15514
14439
14397
14949
14404
14367
14958
15026
16074
14967
14969
15528
14919
16078
13378
13876
14983
14989
14420
13780
14385
14479
15516
14431
15547
14885
15476
14958
14395
12772
13878
14957
14337
13808
14397
14405
14347
14999
14482
14384
14924
14389
13822
15441
14424
14373
13953
14465
13872
13286
14925
16060
14898
14430
14962
15552
13933
14370
13380
14868
13946
15435
14313
16557
14431
14396
15490
15504
15062
14435
13918
13854
14940
12878
14450
14929
13375
14935
15511
13895
14939
14504
15482
14387
15001
15456
14377
13341
13335
14378
13864
15509
13779
14987
13333
14939
14976
13441
14976
14966
13921
12165
13857
14304
16025
14393
14889
15533
13803
13375
14434
14389
15483
14895
15510
12651
15497
14924
13411
14998
15575
13812
14989
15994
13925
12765
15526
14446
15460
14945
13792
14508
14986
14915
13807
12697
13343
14977
15490
14936
15981
15418
13276
14955
16588
13960
14968
13780
14464
15023
15517
13815
16568
15066
15012
15516
13342
14924
15533
14887
13287
15553
14410
14913
14360
15548
12933
14929
13366
14858
12851
15523
16050
15988
13195
15490
13829
14945
14871
15502
14857
14461
14418
13874
12749
15524
14353
13943
14461
15518
14867
13825
16013
13339
16032
15482
14970
15507
12751
13432
14433
14489
13363
13880
14305
15005
14387
14885
15551
15540
13308
14918
14388
14992
15504
14322
16014
14913
14491
15486
14944
15560
14957
14998
16036
13342
14977
13881
16082
16101
14381
14422
14898
15512
13902
13925
14503
13753
14461
13366
13870
15481
13860
13342
14320
15493
13766
14348
14356
12756
14401
14944
16072
16013
13879
14897
15022
14938
12709
14411
14492
13311
16055
15470
15484
15075
14486
15942
16110
14958
15501
14337
15468
14929
14966
14984
11693
12810
15438
13819
13865
13272
13808
14932
14905
13969
15435
14951
14930
13400
15003
14963
14954
13345
13335
13358
15014
14927
15004
14457
15505
15458
13863
16085
14430
15410
13767
14394
13268
15499
14413
14381
16106
14397
15463
14973
13909
15499
15001
13287
13922
14932
14441
13802
15499
14997
14347
15521
13303
16088
16132
14431
16085
14917
16034
14928
15599
14461
14865
13914
15491
13285
15558
13737
14430
14914
16024
14972
13801
14362
15452
14460
14350
14955
14366
15479
14978
13792
14874
14817
13722
14424
13835
14967
14466
14467
14425
14895
13785
16101
15513
14411
14526
15534
14987
13942
13794
15600
16099
16112
13803
16026
13949
14417
13887
14419
15445
14496
15011
14451
16582
14907
14393
16046
15553
14914
14373
15444
14981
14463
15482
16077
14936
14917
15462
15521
14344
15495
14473
15450
15521
14908
13812
15443
15462
13751
14419
15990
14957
14920
14954
14402
14952
14403
15498
13878
14949
14420
14430
14920
15493
14949
13816
14894
16605
15442
13808
12162
14443
15524
14480
15469
14955
15980
16016
15452
13819
15477
14975
13762
15476
14976
13841
14968
14460
12752
15574
14949
13341
13865
14401
15502
14992
14470
15562
13917
14347
14992
14934
14409
14974
15027
14892
16610
13770
14344
14978
15477
13322
15012
15527
13853
14379
16026
15475
14953
14934
14355
15041
14345
14401
14930
13924
15525
14979
14395
16017
14960
16090
14912
16031
13231
14440
12796
14945
13846
12826
14327
14341
15523
14973
16062
14349
13885
14953
14373
14929
14903
13269
15440
16047
15478
15480
14962
15487
13343
13845
15479
15542
16004
14455
11750
13337
15505
14505
13915
14411
14467
15451
13947
14492
15513
14862
15559
14927
15054
14929
14440
14384
14949
12195
13254
14361
15014
14440
13888
16020
15518
13969
14333
14413
14526
13873
16616
13837
14920
14912
14940
13350
15451
13288
14403
14937
13810
13915
13778
14425
13216
15491
14415
16025
13729
16071
13818
15468
14470
14378
14915
14495
15034
14974
14977
15003
13896
13875
14979
16040
15572
14385
13377
14969
15481
14398
14956
13825
14929
14422
14452
14419
14470
14893
14920
14411
14927
15460
16040
16079
14973
13294
13808
15544
14405
14492
16030
13817
14945
15499
15501
12791
16638
14345
14416
15519
14957
15018
15516
14381
14929
14894
12802
14993
15466
13786
14364
14960
16026
13863
14894
14371
14439
14375
14814
14328
14989
14313
14368
13250
14414
14403
14342
14837
13895
14998
13823
14948
14972
15490
14894
15553
14831
14954
16593
14390
14952
14901
14947
15471
15538
14937
15956
15510
14906
15512
13323
13754
13856
14362
14934
14415
15476
14372
14997
13218
14887
13990
14491
14303
15499
15492
14969
13834
13845
14330
14907
14446
14409
14377
13379
14410
14896
14406
14908
15477
13943
14383
14939
14451
15496
15538
14529
14478
15553
14990
14342
14889
13815
16060
16057
16015
14924
13846
13777
14394
15481
14914
14923
14390
15446
13921
13251
15472
16595
13810
14883
14462
16073
16032
13851
13265
14466
14907
14411
14881
14944
14948
14960
15531
16057
15514
12828
14299
15496
14387
13875
15565
14887
15495
13788
14380
15551
16116
13462
13798
14517
14998
14877
16020
15462
14993
15524
15506
14942
15447
14411
14389
13869
14350
15512
14970
15422
14932
15564
14325
16093
16083
13844
14360
14977
15494
14366
14958
15500
14953
15511
13807
14367
14858
12575
13797
14916
12170
14914
15504
14929
15545
13918
15494
16031
15488
15544
15517
13244
14971
14463
12164
13349
14339
14950
14884
16050
14994
14959
14443
14395
15558
15990
14347
12630
13917
14979
13339
14941
16044
14309
14956
15451
14871
16108
14436
15982
13819
14987
15585
14875
15472
14346
14918
13294
16614
15002
13734
16566
15080
14997
12818
14945
15455
13382
14422
14999
13378
13869
15014
15469
14436
15434
14921
14384
12765
14886
14937
16017
15521
14928
13767
15443
15436
14294
13358
16041
15549
13752
15015
13817
14415
16576
14961
14898
16099
14885
15069
14390
13913
16062
14337
14444
14465
13892
13937
14916
15476
14286
14459
14841
15390
15531
14415
13896
13309
14446
14982
13895
15539
14400
15487
14912
14983
15480
13421
14389
14898
15587
14467
15055
14384
14974
12720
14470
14957
14913
14970
13281
15024
13857
15441
14963
14937
13839
15554
13865
14972
16077
14873
15605
14384
13202
13804
13852
15514
14955
15004
13906
15500
15553
15012
15532
14930
14470
15452
15487
14976
12728
15523
14912
16046
15531
14941
14877
16012
14437
14437
13946
16079
15545
15542
15452
16056
14367
14415
13855
13865
14542
14435
15555
14842
15539
14493
13796
14893
14457
14867
14289
14984
14969
14425
16095
15012
13331
13804
15408
15034
15450
12787
13853
15050
14434
14943
14480
13838
14917
14942
13770
14422
14397
16008
12206
16641
12909
13883
15496
15014
14835
13900
16086
15518
14892
14394
14946
15469
14884
15494
16595
14869
12124
14297
13236
16051
13287
14462
13807
15564
14927
14911
14952
15585
14507
12803
15434
13890
14371
15526
15512
14979
14886
14309
13947
13920
14921
15535
14902
14874
14951
15431
16061
15542
14448
14400
14374
14403
15475
14391
14347
13947
15414
15515
14888
15055
14382
15544
16043
14949
15553
13182
13840
13845
14961
15006
14987
16069
16068
13865
14373
14944
14922
15476
14354
14952
14975
14422
13945
14439
14402
12236
15528
14430
15462
14423
13884
13422
14976
14963
15498
14425
16057
14948
15491
14414
13872
13807
14357
16085
13844
15508
14300
14976
14982
14894
14890
14308
15458
14313
15509
15022
15485
16117
14906
15443
14452
15552
14920
15494
15489
14353
14967
13846
15550
15520
15505
16052
14406
15952
15035
13166
14925
14432
16051
14418
14906
15425
14843
15550
14969
16075
14421
15991
14452
15450
15555
14330
14433
14484
13859
13962
14963
14471
16023
14997
12731
14997
14413
16054
14958
13342
14981
15010
14401
14428
15516
14933
14378
13818
15970
13298
15498
14446
15522
14918
15489
15528
15057
14358
14393
15024
16609
15496
13930
15533
16602
14452
14325
13917
13808
15471
16002
14321
13339
14913
15021
15566
15516
14260
13845
12815
14370
14411
16560
13931
16042
15496
15494
14912
16051
15494
14962
14884
13902
14920
15456
15556
14473
13294
15460
12749
13365
16043
13797
14358
15443
13817
14409
16024
13913
14998
14896
16086
14397
15468
14466
15995
13881
14331
14936
13793
15515
15525
16091
15034
15516
14972
15481
15024
15006
15512
16635
13914
14461
13885
13219
14940
14926
14324
13817
14420
14877
15473
15018
14978
14348
13867
14984
16035
15000
15004
13318
16032
15009
15503
16047
14903
14985
16075
16037
14367
15508
15559
15415
13840
13930
12800
14364
14425
13820
15507
15508
13840
14339
14902
15467
14332
15458
14848
14328
16053
15515
14916
14385
13907
13720
14915
14879
14949
14358
15480
13874
15469
15485
14995
14377
14883
12730
14373
13832
14405
14339
14989
15474
14407
14924
12708
16031
14965
15030
13938
13889
14352
13832
14965
14949
14976
15494
15477
14911
13255
15421
13789
15501
15442
13310
15515
14931
14322
15019
14433
13858
15390
12808
14977
14541
14931
15456
13781
15449
13815
15456
14430
14916
16033
14833
16093
13790
15418
15473
13388
14444
15574
15444
16667
14919
16012
14356
13834
14921
14396
16107
14959
14921
14881
15488
12094
12679
13838
14901
14851
13330
15423
15506
14961
14335
14935
14456
15963
15000
14510
16069
16059
14385
14941
15441
14985
14975
12240
13840
14986
15491
16045
15452
16084
14394
15535
15504
15497
13837
15487
14442
15482
15052
14918
15497
13738
14946
16064
15465
16049
15430
15483
16070
15523
14469
13323
16590
13781
14939
13783
14967
14351
16104
16082
13793
13274
15515
14431
14939
14319
15005
15437
15041
15491
15487
15001
14430
16072
13316
14493
16089
15490
15553
15404
14358
14941
16033
14445
14391
14383
15448
15543
14415
15534
13833
14884
16015
15540
16021
14934
14955
14414
14908
14370
13847
14873
15481
14909
14980
16074
15503
15473
16618
14973
15909
14983
14408
14925
13399
14417
14865
14933
15488
15479
15580
15998
13238
13881
14435
15476
14918
13272
12768
16092
14449
14471
13806
14336
13934
14975
15499
15007
15523
15015
14487
15038
13896
14972
15449
13791
14907
12839
14906
15489
13910
15485
13836
14956
13853
14829
16084
15556
13810
16122
13201
15006
14980
15002
15436
15470
15555
14398
14392
15594
15528
14933
14944
13872
15443
15984
15499
15524
14335
15494
14451
15521
14412
14411
16007
13835
14945
14414
12724
15470
16083
13321
14433
13789
14500
12736
13270
13347
15372
14920
13817
15553
15014
15519
14991
14386
16614
15462
13307
13303
14350
14359
14438
15018
14426
15004
15453
14364
14931
14434
15493
12110
15495
15483
15025
13897
14345
14363
14364
13841
14986
14977
15511
13869
14426
14426
13908
15020
14469
14988
13791
13858
14997
13804
14866
15503
15570
15504
14987
14435
14971
15434
13810
13240
14373
14395
13324
16038
13982
14432
14323
14317
14949
15473
16025
14948
15479
14516
15527
14447
12220
13898
14963
16038
14347
14966
13370
14379
14939
15495
16016
14822
15507
15521
15443
14341
15486
15014
14954
16079
14937
14971
15447
16588
13344
13784
16040
15029
14428
14977
14532
14920
14990
13888
14954
15571
14378
14980
13757
15492
15017
13277
16617
13888
16007
14977
15521
13288
15998
14925
14910
15508
14985
14407
15566
15476
14440
14894
15045
15449
16012
14882
14410
14991
14313
15438
14381
14369
16052
14934
14415
14366
14352
16604
13830
13934
14490
14979
14922
14989
14922
15492
14983
14305
14969
13870
13358
14954
15026
14493
15488
14403
16030
13250
14925
14470
14402
13378
15561
14296
13902
16014
14954
16060
15397
12710
14450
13848
14409
14370
13811
15540
14960
14460
13842
15511
16617
14906
15481
16044
14431
14440
14876
13297
14374
15004
14925
14883
14978
15428
14955
14836
15018
15484
15492
13826
14349
14943
12675
15481
15498
14938
16031
12799
16031
14897
13813
15487
14945
14945
14471
14403
13833
15492
14907
14375
15486
16034
15458
15574
14403
14493
14347
15505
15502
14410
15474
13919
14420
14437
15510
15375
15503
14349
14910
15450
12835
14801
14391
14917
13263
16066
15494
14884
14353
16616
15570
14864
13861
14395
14416
13696
14352
14409
13861
13789
15446
15528
15022
15538
15508
14317
14467
15486
15492
14286
14972
15533
14364
15457
14921
14433
14358
15549
14366
14900
14981
14934
14380
15049
14468
14441
15549
15482
15493
13927
14481
16104
13369
15014
14951
14341
15522
15480
15518
14984
14980
14366
13807
13863
16065
14883
14427
14962
14409
14933
14378
14333
13334
13739
13340
15483
14955
15427
15492
14948
14423
16097
14925
13881
14283
15493
14957
15518
16083
13819
13780
15524
12784
13920
15561
14401
15994
16093
15427
15530
15443
15995
16008
15475
15470
15016
13800
13691
15398
14363
14897
14989
16061
14404
16055
15967
14911
14344
14905
15435
14960
15533
15479
15404
15513
16059
14938
13264
15994
16017
14929
15026
16073
15001
13878
13274
14385
14430
14445
14955
16037
14363
16069
12758
14978
15495
15973
15463
13942
14380
15981
14335
15555
13833
15492
14966
15552
14407
16621
15515
12166
15499
14424
14363
14837
15525
14378
15523
14386
14942
14454
14475
16031
14921
16045
13921
16084
15044
14439
15450
14983
13849
15498
14975
15444
14974
13861
14384
14429
14422
15551
15521
15435
14869
15565
14907
14500
14968
15455
15475
14458
15954
13867
14941
15459
14853
14340
15439
15491
16043
15481
14400
15475
16006
13337
13858
13822
13853
15607
15393
14907
15458
13904
15501
13843
15428
15517
13877
14943
14897
14369
15531
14934
15471
14971
16054
13373
16021
15015
15446
15509
15560
14401
13833
15475
16053
15488
14329
14887
14365
15516
15569
13924
13941
14928
14969
15027
13893
16114
13848
14895
15398
14379
14327
14345
16007
13899
14934
14920
14459
15548
14463
14840
15455
14969
13264
15962
14428
14476
14437
15589
13312
14966
14485
14925
14460
13857
15516
14351
14274
13875
14397
14437
14400
14964
14949
16075
15532
15488
14468
15490
13864
15965
14291
15458
14908
14368
14917
14362
16027
15453
14961
13946
15442
13825
12766
13758
15525
14445
15478
14976
16027
13805
15488
13859
16057
14350
13926
14911
14375
16035
13861
15547
15457
14934
14369
13323
14389
15015
15504
16121
15426
14343
13870
14876
14405
13713
14435
13881
14949
14436
14464
14399
14439
13802
15462
14449
14923
14875
14356
13769
13907
15992
14400
14328
14392
13323
14994
16040
15484
14295
14359
15540
13757
13757
13854
16005
13374
15488
16013
16057
14956
15529
16569
13752
16010
14902
15006
14415
13919
14416
16043
15525
14903
13904
13297
16000
15536
15398
14892
15488
15461
16095
14419
16023
14972
16622
14864
14918
14916
15478
13800
14951
15012
14386
15578
13819
13754
15480
14913
15481
14963
13410
14374
15547
14998
14969
14448
13853
14385
14992
14910
16145
15466
14908
14849
13842
15460
14994
15581
16041
14300
15487
15487
15521
16074
15402
14394
13886
14445
16057
14890
14867
14995
14386
14896
14413
13958
13809
14953
16596
15514
15518
13801
13761
15464
13819
15058
14429
15512
13899
13835
15443
13321
15425
15469
14338
15449
15486
16090
15568
14914
14960
15019
16047
15462
16574
14915
14361
15580
13851
16088
13184
14924
14951
16056
15453
15395
14863
15506
13904
16040
15443
14927
15459
15460
14359
14922
15567
16647
13307
14846
13683
15472
15998
14384
15443
14973
15499
14993
14454
13788
15451
14875
14474
16063
14925
14927
15039
14949
16076
14852
15480
15013
14418
14355
16095
15406
13794
14913
16084
15452
16105
16023
15075
14975
13740
14894
15449
13272
14998
14959
15524
16045
14922
15551
15436
15024
14339
14908
15465
14490
14403
14908
15454
15429
15520
15034
14322
14954
14414
13851
14379
14353
14365
15962
14959
15465
15005
14492
15428
12251
14359
14336
15492
13745
14944
15552
14398
14404
14878
13829
14974
14415
14864
14949
16122
13875
16031
15472
15540
15448
14403
14914
13768
14374
16049
14364
15473
13916
16013
14442
15392
14395
14941
15562
13392
14457
15441
15555
14365
15538
15486
16610
15415
14412
15513
14928
14985
15538
15581
14425
15453
14853
13791
14411
15421
14357
14905
15508
14927
15404
14318
16038
15522
13814
13832
14377
15485
15009
14975
15421
14958
16061
14880
15567
14823
14360
14890
16569
13285
13782
15993
15532
16016
14287
14886
14256
15518
13829
15426
13773
15571
14943
15471
14964
14876
15568
13338
14841
15510
14336
13743
14389
14873
14376
14917
14416
14906
16072
14993
14976
16077
15003
14411
16082
14873
16121
16113
13811
14948
14996
15443
14945
13273
15536
15440
14953
15540
14956
15492
15508
14950
13837
14928
16049
14381
13269
15456
15487
15974
14828
16058
15495
15433
14401
15516
13861
14386
13337
14322
15496
13906
14447
14998
13866
13880
14346
14974
16031
14316
13961
15563
14969
13941
16012
13874
14437
13322
14380
14927
14984
14393
15437
13758
14397
13863
14997
13888
13823
14406
16059
14863
14883
15493
14422
15505
14387
13827
15445
14483
13331
15387
16069
14922
16011
15426
14923
13238
13798
15466
14452
15429
14874
14910
14493
13813
13882
14987
14880
14926
14480
14444
13814
14407
14396
13988
13282
14391
14943
16076
14940
14946
14981
14964
15475
16046
15055
13808
14442
13819
14945
15488
14396
15464
14970
13248
13988
14881
15520
13919
13906
15996
13849
16592
13806
14367
14367
14869
14892
14872
16060
14866
14997
14340
13357
13758
14938
16085
14491
14984
14338
15450
16030
13920
14387
14482
14451
14390
15558
12741
14919
16621
14965
16022
16028
15533
15503
15365
15501
14959
15525
13309
14978
15522
14364
15530
14918
15447
16588
14956
14966
16629
13759
13819
15502
15506
15505
14964
13844
15555
14458
14826
15509
15475
13883
15415
15497
15419
13867
15445
14437
13929
15468
14958
14356
14406
13905
14952
14933
14979
15478
14920
15510
14975
14394
15412
13913
15534
14373
14347
12813
14457
15507
15473
15523
14963
15515
16025
15486
12695
14418
15993
14958
14920
15472
14891
14008
14972
14926
12752
14438
14971
15972
15525
14941
15561
15502
16028
14826
15468
15452
13782
15472
15442
16031
14947
16080
14975
14950
15499
13852
16070
14957
16042
12819
13911
14994
16627
15008
16095
14360
16610
13882
15454
16617
14950
13782
14917
13777
16076
14832
16044
14506
14976
15442
14884
14456
14396
15509
13855
14358
14368
13874
14944
14847
14511
13888
16050
14399
15412
14290
15537
15525
14401
14992
15034
15509
14918
15002
14353
15069
14355
13225
14554
13295
14852
13853
15496
14947
14298
14900
14325
14940
13364
16063
14411
13311
15507
14430
16046
14852
13903
15436
14913
15033
13905
16047
14935
15529
14913
15527
16030
13346
15495
15572
15504
14948
16037
14961
15514
16068
15497
14931
14844
14365
15500
15008
15387
13193
14380
14988
15367
16063
13851
16053
16095
14412
16071
13811
14999
15004
13957
15522
14314
14400
16019
16038
13882
15422
13774
15529
15504
14398
15508
14417
15409
15024
14925
15430
16048
14373
13365
14961
15527
13876
14935
13308
14424
13355
14982
13256
13838
14333
14997
14926
16114
14948
14343
14945
14427
14420
15506
15561
15437
15532
14896
14356
15446
14849
15551
14927
15401
15457
15465
14846
13923
15451
14997
14007
13870
14942
16067
13920
13818
14353
14360
13882
14977
14905
16075
15516
14916
14981
14852
14528
14365
15557
14237
13820
16602
15519
14901
14854
13877
15482
15533
13823
14944
16045
14827
15511
14978
14964
15992
14453
14953
16013
14297
13205
14974
15485
15444
16055
15415
14450
15551
15516
14895
14359
14921
14341
14313
14924
13830
14326
15552
14417
15596
13774
15565
15030
14970
14310
14344
14929
15553
16073
14901
14429
14945
15968
15410
15391
13917
15989
13786
14433
15432
13256
14438
15441
14969
15470
14359
14892
14967
14490
14950
15521
15495
15551
15489
16068
14433
15027
14419
14391
14394
15531
13855
14410
15535
14951
15503
15518
15441
12907
15489
16039
14406
14834
14899
15481
13246
15026
15504
13373
14424
14895
15582
14938
14985
14834
13307
14963
13922
14871
15385
14378
13270
15425
14909
13314
14408
13856
13246
14965
16582
14331
14845
15432
13333
15498
14964
14933
16015
14380
15528
15454
14300
14830
16049
14932
14976
16034
15507
13816
14400
14956
16036
13805
12694
15982
14929
15044
15459
15320
13788
15441
13814
15422
15409
15020
14481
14986
15501
13857
15514
14924
14810
16025
15499
16031
15997
14430
14374
13860
14882
15438
15479
14295
14432
14367
16072
14918
15025
13847
15553
16612
15521
15386
15471
15469
14974
14903
14385
13377
15496
14417
13808
15045
15463
14369
15456
14372
14926
13351
15438
14458
13757
16014
14410
14370
15518
15568
14349
14350
15429
14923
16019
13809
14954
15484
15497
14944
14495
14386
14383
14397
14344
14939
14412
15474
15395
15385
14878
14470
13260
15399
14462
16632
14911
13752
14493
14449
14947
15506
15563
14992
16109
15497
15540
13280
14373
14955
14411
15561
15421
14923
14262
13811
13868
14973
15557
15457
15469
14519
15519
13822
15974
15516
13333
14864
16068
15024
14346
15018
14426
14874
16045
14895
14923
13814
14914
14933
15441
14990
15002
14301
14959
15427
15523
13883
14909
15440
13754
12665
13932
16020
14918
15447
14304
14911
15479
15499
14880
14984
13914
16050
13843
14401
14882
14989
15025
14999
14363
16004
14385
13889
14984
14878
14414
15540
15013
15524
15496
14359
14468
15520
13830
13835
14913
14461
14960
16025
16029
15497
15461
14378
14995
15509
15004
14437
14980
15471
15500
16051
14869
14305
15513
15487
14384
15510
16024
14374
15532
15002
15455
14939
15549
15550
13876
14462
14921
15463
14445
12746
13304
15474
13353
14383
15505
14352
15556
14941
14921
14987
14969
16007
15537
15490
14839
15555
16084
13879
14877
14921
15008
14913
13862
15481
14996
14380
16081
13975
16047
15498
15564
16047
15509
14929
15487
15009
15454
15516
14851
14879
15427
15530
13255
13934
14481
14415
13775
13805
16093
15506
15497
14441
14950
14451
15493
15004
13945
15029
14407
13813
14949
14498
15016
15583
14976
16076
15509
14377
14947
16102
16653
15458
15553
15013
15434
14940
14998
16541
14333
14363
14333
14858
14925
16068
15487
15435
14358
14463
16012
15491
14895
13930
15460
15435
14410
16016
14272
15535
13859
15474
15047
15544
14932
15014
14857
14335
13903
15473
14348
15443
13854
14373
14977
16046
13331
16055
14318
15384
15473
13799
16558
14966
14997
14853
14407
14933
16002
14897
14408
15504
15501
14909
14906
14882
14953
14447
15507
14836
15998
14296
14974
14932
16590
16069
13831
14430
13310
16026
14279
12653
14365
14479
14354
14388
15041
